6.429130097015676881e+01 2.802283539167975679e+00 5.919176801364708362e-01 2.802283539167975679e+00 6.452206808780198344e+01 -2.495154807462112156e+00 5.919176801364708362e-01 -2.495154807462112156e+00 1.200062589391056918e+02
2.867091736180445594e+01 1.434906499163875582e+00 7.711789497932501902e-01 1.434906499163875582e+00 2.992263333015023719e+01 -2.026686257758647969e+00 7.711789497932501902e-01 -2.026686257758647969e+00 1.071517965967280190e+02
5.119165219699235791e+01 1.108297568612315942e+01 -4.156627327432047103e+00 1.108297568612315942e+01 5.462013910860078880e+01 -3.433446743902138554e+00 -4.156627327432047103e+00 -3.433446743902138554e+00 1.213589286336929263e+02
9.152682042468933332e+01 -1.136871405572337457e+00 -4.069265719032396866e+00 -1.136871405572337457e+00 9.454576584877253254e+01 7.245525021292499090e+00 -4.069265719032396866e+00 7.245525021292499090e+00 1.247340883314813880e+02
7.826942196799230089e+01 4.367478307295635354e+00 -2.994213219682687832e+00 4.367478307295635354e+00 7.556480992292875953e+01 8.300694610931781625e+00 -2.994213219682687832e+00 8.300694610931781625e+00 1.160673698189348642e+02
4.291692440532708019e+01 -4.008162635629695103e+00 8.334618801858305615e-01 -4.008162635629695103e+00 4.476994456648073140e+01 -1.458466370459943207e+00 8.334618801858305615e-01 -1.458466370459943207e+00 1.036860573438672475e+02
4.744806081474251869e+01 -1.290448378055291556e+00 8.566814559589185085e-02 -1.290448378055291556e+00 6.211547677646002086e+01 -2.123467773876109188e+00 8.566814559589185085e-02 -2.123467773876109188e+00 1.084735508270955791e+02
4.868151470195567754e+01 -3.947963556133477603e+00 2.868939049963043164e+00 -3.947963556133477603e+00 5.002922790375384210e+01 1.096954139615986534e+00 2.868939049963043164e+00 1.096954139615986534e+00 1.023656474310931657e+02
6.297010861144516269e+01 -1.923255620924516851e+00 1.313296433937000574e+00 -1.923255620924516851e+00 5.658452790912166819e+01 2.499775513059470544e+00 1.313296433937000574e+00 2.499775513059470544e+00 1.170256204718406821e+02
7.106336170977719746e+01 1.013580734634574432e+00 1.771450255653935102e+00 1.013580734634574432e+00 7.480152873463767094e+01 8.967102613702991887e-01 1.771450255653935102e+00 8.967102613702991887e-01 1.241994882392611430e+02
6.127870561414960093e+01 4.279605921661052470e+00 4.194867327182151051e+00 4.279605921661052470e+00 5.486114564840284658e+01 -2.980769542822205409e+00 4.194867327182151051e+00 -2.980769542822205409e+00 1.067900163706365504e+02
3.487020229491886170e+01 9.855344726178337567e+00 -1.022999807476224543e+00 9.855344726178337567e+00 5.135491106133225259e+01 -4.164998296741929451e+00 -1.022999807476224543e+00 -4.164998296741929451e+00 1.190669658191741291e+02
7.405367321921185919e+01 -1.224509858906776882e+00 -4.308151840362269169e+00 -1.224509858906776882e+00 7.707490336539561326e+01 1.915306431050869840e+00 -4.308151840362269169e+00 1.915306431050869840e+00 1.150539831095199617e+02
6.594594353523369534e+01 3.378609907008947477e+00 1.829756503919290678e+00 3.378609907008947477e+00 4.398326230033928397e+01 -1.833759401157952107e+00 1.829756503919290678e+00 -1.833759401157952107e+00 1.127748621931252302e+02
6.970323657107758208e+01 -2.822454147203277142e+00 -5.320639054201949492e+00 -2.822454147203277142e+00 7.308043754107822565e+01 -5.581995867389030863e+00 -5.320639054201949492e+00 -5.581995867389030863e+00 1.120501703167697514e+02
6.726904258412044157e+01 1.438692161625600319e+00 5.234114659615950238e+00 1.438692161625600319e+00 7.861958990156870186e+01 -1.524715296564894906e+00 5.234114659615950238e+00 -1.524715296564894906e+00 1.142606313516835286e+02
6.793498823247402640e+01 9.950168624674889273e+00 5.001856286173041788e+00 9.950168624674889273e+00 5.821131332832969463e+01 -6.245165886459739246e-01 5.001856286173041788e+00 -6.245165886459739246e-01 1.133419895614804176e+02
5.243001582392960103e+01 -3.398840626127797915e+00 -3.713043430515976073e+00 -3.398840626127797915e+00 5.457189979707754901e+01 4.545915220231633747e+00 -3.713043430515976073e+00 4.545915220231633747e+00 1.029094001036846748e+02
5.411680780019126047e+01 6.287577428432906679e+00 6.240034737577910828e-01 6.287577428432906679e+00 6.688307549473645963e+01 6.060275714754301823e+00 6.240034737577910828e-01 6.060275714754301823e+00 1.013351235526841521e+02
3.858069567969050695e+01 3.727831758920400418e+00 2.882265176260140560e+00 3.727831758920400418e+00 6.604142030688767306e+01 -2.369795814324569871e+00 2.882265176260140560e+00 -2.369795814324569871e+00 1.109712328046952194e+02
5.132880331496987480e+01 1.086072029790848381e+00 4.492031144012694210e-01 1.086072029790848381e+00 4.407137613215946459e+01 1.156225671697998392e+00 4.492031144012694210e-01 1.156225671697998392e+00 1.155267759837838355e+02
6.805934954859988295e+01 -5.257499707844029757e+00 -2.014514932166617811e+00 -5.257499707844029757e+00 6.518854121091369791e+01 -1.354565030446577723e+00 -2.014514932166617811e+00 -1.354565030446577723e+00 1.174156332041227131e+02
7.009815787425709743e+01 -2.327825420914559018e+00 9.080632413499034605e-01 -2.327825420914559018e+00 6.098573988860401585e+01 -2.810794266747108638e-01 9.080632413499034605e-01 -2.810794266747108638e-01 1.223774802209865271e+02
5.279498544392901493e+01 2.771945642276071986e+00 2.156827922468666614e+00 2.771945642276071986e+00 4.218769263938659009e+01 1.365573206571936371e+00 2.156827922468666614e+00 1.365573206571936371e+00 1.082569296841369919e+02
4.128765522954184775e+01 -6.679283289568249238e+00 -1.928729402982573671e+00 -6.679283289568249238e+00 4.808729343151743052e+01 3.811281471582873781e+00 -1.928729402982573671e+00 3.811281471582873781e+00 1.101861755415123838e+02
3.443624201550373698e+01 1.417467605925407881e+00 1.347383258739571543e+00 1.417467605925407881e+00 4.440234358379896662e+01 1.416700354733998912e+00 1.347383258739571543e+00 1.416700354733998912e+00 1.082515081653265838e+02
5.125224366828395972e+01 2.214507345712792563e-01 6.213110148380194708e+00 2.214507345712792563e-01 5.456421876942661697e+01 4.722315536261949553e+00 6.213110148380194708e+00 4.722315536261949553e+00 1.187345134567957246e+02
7.465695840617313195e+01 -1.911872084477441947e+00 -1.917354549247566986e+00 -1.911872084477441947e+00 7.462400935060195195e+01 1.714131164960638332e+00 -1.917354549247566986e+00 1.714131164960638332e+00 1.163280323491069339e+02
7.354231474349532505e+01 -7.386778219796533484e+00 -3.076693975073398479e-01 -7.386778219796533484e+00 7.335680091929808100e+01 2.840005247797702470e+00 -3.076693975073398479e-01 2.840005247797702470e+00 1.267628295534212555e+02
5.934150271906464269e+01 8.183050374442045083e+00 1.418622072680011392e+00 8.183050374442045083e+00 4.263885854764095740e+01 -9.859149423816518931e-01 1.418622072680011392e+00 -9.859149423816518931e-01 1.174974413832786126e+02
5.552924310657224538e+01 3.969586681712645948e+00 -1.350004769883232258e+00 3.969586681712645948e+00 5.242879590288401914e+01 -3.190963475147558626e+00 -1.350004769883232258e+00 -3.190963475147558626e+00 1.074811978206906105e+02
5.460033200564571843e+01 3.195534422125757779e+00 1.372763660991010770e+00 3.195534422125757779e+00 5.484470793865592952e+01 5.539794881183517816e+00 1.372763660991010770e+00 5.539794881183517816e+00 1.197879643703712134e+02
3.258640139671936709e+01 -6.478374181997954118e+00 1.923942724004527705e+00 -6.478374181997954118e+00 4.349062725832160936e+01 -4.255759520866734036e+00 1.923942724004527705e+00 -4.255759520866734036e+00 1.072449198524858218e+02
7.839454235352319245e+01 -2.159049527931494961e+00 -1.725320008287107854e+00 -2.159049527931494961e+00 8.050822638065078252e+01 -2.378051236773852217e+00 -1.725320008287107854e+00 -2.378051236773852217e+00 1.183545010381381957e+02
3.306490348811853863e+01 3.191031434067015393e+00 2.081890941088111902e+00 3.191031434067015393e+00 4.627797603180663089e+01 1.483493954045996599e+00 2.081890941088111902e+00 1.483493954045996599e+00 1.134434685918019881e+02
4.188009921560984594e+01 2.764412220730304792e+00 -1.103209031809714968e+00 2.764412220730304792e+00 6.312087555774743919e+01 -4.055778294661109840e-01 -1.103209031809714968e+00 -4.055778294661109840e-01 1.034271443801768982e+02
