3.364532482257122865e+02 -5.971667807195061783e+01 -1.177729665104675227e+01 -5.971667807195061783e+01 4.562027657600309567e+02 1.390863628017636699e+01 -1.177729665104675227e+01 1.390863628017636699e+01 4.745895576742078674e+02
3.764114505738858156e+02 -5.903377181994523681e+01 2.588887236274985404e-01 -5.903377181994523681e+01 4.452236744083022018e+02 -2.350452830495272494e+01 2.588887236274985404e-01 -2.350452830495272494e+01 4.761518668819291520e+02
3.610244261070349125e+02 -7.111386434946184920e+01 1.368792948118136188e+01 -7.111386434946184920e+01 4.648474195367501807e+02 1.467600184155237963e+00 1.368792948118136188e+01 1.467600184155237963e+00 4.925415439474082291e+02
3.565025991082920882e+02 -6.763534535836387818e+01 4.325012495770320875e+00 -6.763534535836387818e+01 3.812755908591553862e+02 -4.047250073561725969e+01 4.325012495770320875e+00 -4.047250073561725969e+01 4.959336726160931335e+02
3.680648467118742815e+02 -6.752899147413680225e+01 1.784113960785840902e+01 -6.752899147413680225e+01 3.999133684556661024e+02 8.338383571852846288e+00 1.784113960785840902e+01 8.338383571852846288e+00 4.539670819664962096e+02
3.468061881786721301e+02 -6.774326369119204116e+01 1.083701614796198598e+01 -6.774326369119204116e+01 4.138631951308005341e+02 1.896882788785615048e+01 1.083701614796198598e+01 1.896882788785615048e+01 4.886467909229848487e+02
3.966359384611818086e+02 -6.660810443159203942e+01 -1.637636428156984536e+01 -6.660810443159203942e+01 4.523602348489028486e+02 5.284849597083423944e+00 -1.637636428156984536e+01 5.284849597083423944e+00 5.146215540677769695e+02
3.334901270952234995e+02 -7.130596415122515452e+01 2.747018325838434905e+01 -7.130596415122515452e+01 3.888515048716326419e+02 -1.016759198200129255e+01 2.747018325838434905e+01 -1.016759198200129255e+01 4.816096452907272578e+02
3.848546431754999162e+02 -9.318568445151014146e+01 -7.339450996868376542e+00 -9.318568445151014146e+01 4.300019959328813002e+02 2.695659895608521595e+01 -7.339450996868376542e+00 2.695659895608521595e+01 4.906785862903833504e+02
3.477769717968575947e+02 -8.034565506972562332e+01 1.029033162699860426e+01 -8.034565506972562332e+01 4.483960294211663040e+02 -2.959808730907039109e+00 1.029033162699860426e+01 -2.959808730907039109e+00 4.801797525889394933e+02
3.539084216756428418e+02 -7.667320543608660444e+01 -2.851891278714176359e+00 -7.667320543608660444e+01 3.981144323240916947e+02 -3.740302054716908486e+01 -2.851891278714176359e+00 -3.740302054716908486e+01 4.505895114101068657e+02
4.234522264562339160e+02 -8.725422354577604267e+01 -3.848767691372800215e+01 -8.725422354577604267e+01 3.869392598184322765e+02 1.746703450655648915e+00 -3.848767691372800215e+01 1.746703450655648915e+00 4.603542593083597581e+02
3.583592421699361239e+02 -8.789907028145489676e+01 -1.198886443711185734e+01 -8.789907028145489676e+01 4.061436153771349495e+02 -6.047070376988203932e+00 -1.198886443711185734e+01 -6.047070376988203932e+00 4.557002973868189315e+02
2.991091809277136804e+02 -6.146526685269287782e+01 -1.031701773849367676e+01 -6.146526685269287782e+01 3.816526109733623002e+02 4.789926485060826167e+01 -1.031701773849367676e+01 4.789926485060826167e+01 4.916432486126350909e+02
3.684693364828297035e+02 -7.642763323906838480e+01 -1.839445564282935308e+01 -7.642763323906838480e+01 3.635771926556641347e+02 1.282340805107292780e+01 -1.839445564282935308e+01 1.282340805107292780e+01 4.394434466529235692e+02
3.866425323977783819e+02 -7.593145216154313459e+01 8.088217650899075295e+00 -7.593145216154313459e+01 4.305084421357196902e+02 -4.088407433688352910e+01 8.088217650899075295e+00 -4.088407433688352910e+01 4.601442883342427876e+02
3.573070628624910228e+02 -8.392790959616061741e+01 8.141279119709587064e+00 -8.392790959616061741e+01 3.770488684903771173e+02 -4.843679109474467737e+01 8.141279119709587064e+00 -4.843679109474467737e+01 4.484540149622272907e+02
3.541090810323120763e+02 -5.087720233969265138e+01 2.903100672428397289e+01 -5.087720233969265138e+01 4.230509002574954138e+02 -5.783863931534460789e+01 2.903100672428397289e+01 -5.783863931534460789e+01 4.454540040192422339e+02
3.905477420856914250e+02 -7.081164561734827601e+01 1.741900619869360156e+01 -7.081164561734827601e+01 3.995605013055289874e+02 -1.941959922656738513e+01 1.741900619869360156e+01 -1.941959922656738513e+01 4.378048913809080886e+02
3.467307805892578472e+02 -7.523801031910981862e+01 -3.991309510758325185e+00 -7.523801031910981862e+01 4.128464229762537343e+02 -1.284806209662540333e+01 -3.991309510758325185e+00 -1.284806209662540333e+01 5.028582934223753114e+02
3.601224004011532998e+02 -7.661970970399636371e+01 -1.911191571213235108e+01 -7.661970970399636371e+01 3.937988242427132377e+02 8.343656155521227191e+00 -1.911191571213235108e+01 8.343656155521227191e+00 4.571438006373250573e+02
3.799119935932285443e+02 -1.015215870535788838e+02 -1.373967087768507156e+01 -1.015215870535788838e+02 4.360174954244740206e+02 -1.034000452127440184e+01 -1.373967087768507156e+01 -1.034000452127440184e+01 4.845821815133107862e+02
4.498433065241484883e+02 -1.557182864551498547e+01 4.013502224693793607e+01 -1.557182864551498547e+01 4.972290156931047704e+02 -2.241092017054344510e+01 4.013502224693793607e+01 -2.241092017054344510e+01 4.829743009701988967e+02
3.409554771262884856e+02 -5.507996999742186972e+01 -2.922013074930696508e+00 -5.507996999742186972e+01 4.077622222782953827e+02 4.502785120836283284e+01 -2.922013074930696508e+00 4.502785120836283284e+01 4.894397208866493543e+02
3.653868482102842563e+02 -5.944401588207528420e+01 -1.950826037716741723e+01 -5.944401588207528420e+01 4.288716214950758285e+02 -2.720307699658347289e+01 -1.950826037716741723e+01 -2.720307699658347289e+01 5.368279254457925163e+02
3.238025797598450026e+02 -5.867000119398581148e+01 2.831042458270233375e+00 -5.867000119398581148e+01 4.274564618217689258e+02 -2.640187192321328880e+01 2.831042458270233375e+00 -2.640187192321328880e+01 4.413644904635920057e+02
3.720527887833449086e+02 -9.086258648695275042e+01 3.585747357180657957e+01 -9.086258648695275042e+01 4.295123782302077302e+02 -2.315001436681446023e+01 3.585747357180657957e+01 -2.315001436681446023e+01 4.636397815706467327e+02
3.153457723164155482e+02 -8.427985747312943943e+01 2.083138001232783765e+01 -8.427985747312943943e+01 3.484502632727151195e+02 -2.170138724992538570e+01 2.083138001232783765e+01 -2.170138724992538570e+01 4.601013587946569601e+02
3.290223152933153870e+02 -4.732574814277029418e+01 6.820863728404286519e+01 -4.732574814277029418e+01 4.254459269718146288e+02 -3.679574512562523125e+01 6.820863728404286519e+01 -3.679574512562523125e+01 4.623427062840103758e+02
2.981203206189126718e+02 -6.858624379127662962e+01 -2.122983809199084604e+01 -6.858624379127662962e+01 4.008582420222099358e+02 4.324735018596891933e+01 -2.122983809199084604e+01 4.324735018596891933e+01 5.069729985413461577e+02
3.801710456747031799e+02 -5.055483588290913843e+01 2.998802722368628793e+01 -5.055483588290913843e+01 4.011641683389937043e+02 2.478429162264763619e+01 2.998802722368628793e+01 2.478429162264763619e+01 4.645201057809602503e+02
3.705162349656916376e+02 -8.069506913879268950e+01 1.764787461552076664e+01 -8.069506913879268950e+01 4.797376082838136426e+02 -1.129689853943251343e+01 1.764787461552076664e+01 -1.129689853943251343e+01 4.494685977473520211e+02
4.267902684865457559e+02 -9.848102263511263743e+01 -4.975480546694271311e+00 -9.848102263511263743e+01 4.763855271656331638e+02 -7.066700281130040651e+01 -4.975480546694271311e+00 -7.066700281130040651e+01 4.752824295254467302e+02
3.505475620546063169e+02 -6.332852612730623321e+01 -1.484857806891089638e+01 -6.332852612730623321e+01 4.021838910620957108e+02 -2.204976282982114100e+01 -1.484857806891089638e+01 -2.204976282982114100e+01 5.109947114352579547e+02
3.907086571606359371e+02 -6.970298379313143755e+01 1.246246437448900579e+01 -6.970298379313143755e+01 4.114976281989166296e+02 1.347355687170253624e+01 1.246246437448900579e+01 1.347355687170253624e+01 4.645475413130911875e+02
3.441541674275620153e+02 -8.690179275042746099e+01 1.661234294776667042e+01 -8.690179275042746099e+01 3.684402959928742121e+02 -2.865095414243966854e+00 1.661234294776667042e+01 -2.865095414243966854e+00 4.885738691468487787e+02
3.388453740172913058e+02 -9.943750000269693601e+01 -3.546660040393708613e+01 -9.943750000269693601e+01 3.405634656272211487e+02 3.013892837453557849e+00 -3.546660040393708613e+01 3.013892837453557849e+00 4.367494027561047574e+02
3.297721103092115413e+02 -8.063918138108314793e+01 -1.774608790708333927e+01 -8.063918138108314793e+01 4.422873755575409973e+02 4.342945752912231505e+00 -1.774608790708333927e+01 4.342945752912231505e+00 4.885094128077214464e+02
3.907120673107353923e+02 -6.129845273214720436e+01 -2.578437397708878698e-01 -6.129845273214720436e+01 4.249837625240573402e+02 4.431757382068249207e+00 -2.578437397708878698e-01 4.431757382068249207e+00 5.067992486472985547e+02
3.547669416862971161e+02 -7.716198510419785350e+01 2.284492861641947314e+01 -7.716198510419785350e+01 4.530096800419319152e+02 3.265376519046483406e+00 2.284492861641947314e+01 3.265376519046483406e+00 4.770149897531100578e+02
4.120607289726472686e+02 -5.317375586495800377e+01 8.057340155718730301e+00 -5.317375586495800377e+01 4.413904424554894490e+02 2.769408203008451963e+01 8.057340155718730301e+00 2.769408203008451963e+01 5.283675896269753594e+02
3.692249301519033793e+02 -8.205707861928314628e+01 3.115635935436235737e+00 -8.205707861928314628e+01 3.746532002332456273e+02 -4.989443239451061274e+00 3.115635935436235737e+00 -4.989443239451061274e+00 5.012799892357958242e+02
5.812045099770984962e+02 -4.557395439995227093e+01 3.431057151888430301e+00 -4.557395439995227093e+01 4.594112852721465856e+02 -1.425148873566238450e+01 3.431057151888430301e+00 -1.425148873566238450e+01 4.357535509736194399e+02
4.449180247210804851e+02 -9.082998250627709069e+01 1.144941037223586910e+01 -9.082998250627709069e+01 4.206897704065439143e+02 -3.229025380152030067e+01 1.144941037223586910e+01 -3.229025380152030067e+01 4.801420218798161272e+02
3.671259329547669950e+02 -5.607808027919989513e+01 1.928393923076400895e+00 -5.607808027919989513e+01 4.400020354917216991e+02 2.474823808344309484e+01 1.928393923076400895e+00 2.474823808344309484e+01 4.997014588360250400e+02
