4.762675205476373890e+02 2.398129407525038115e+00 4.319682742552166133e+01 2.398129407525038115e+00 4.798569915698299724e+02 -1.298985744831963984e+01 4.319682742552166133e+01 -1.298985744831963984e+01 4.689441006661434130e+02
5.329784614066005588e+02 -2.610348072304297418e+01 -8.202368272789291481e+00 -2.610348072304297418e+01 5.223483336717943075e+02 -2.812703836918672451e+01 -8.202368272789291481e+00 -2.812703836918672451e+01 4.822155509570292793e+02
4.309968457313104864e+02 6.926417523720122205e+00 -1.959361694659936859e+01 6.926417523720122205e+00 4.412717352367882881e+02 3.857941141860779055e+01 -1.959361694659936859e+01 3.857941141860779055e+01 5.094697169553775780e+02
4.884836875228498911e+02 1.816049758253759805e+01 3.642573672547990782e+01 1.816049758253759805e+01 4.563912818942690137e+02 4.076485305693079653e+01 3.642573672547990782e+01 4.076485305693079653e+01 4.865686839196484357e+02
4.388306449521545574e+02 -5.560983383421723047e+00 -2.126281940362981793e+00 -5.560983383421723047e+00 4.998898903467580226e+02 9.534787676730308803e+00 -2.126281940362981793e+00 9.534787676730308803e+00 3.941468780290142604e+02
4.863789363195938336e+02 1.145284713169850654e+01 -4.169945819489399952e+01 1.145284713169850654e+01 5.019609472912877095e+02 -8.955706003229996881e+00 -4.169945819489399952e+01 -8.955706003229996881e+00 5.379839602874531010e+02
4.647627878260625494e+02 -8.118143135278659273e+00 -2.865265426522724468e+01 -8.118143135278659273e+00 4.714368396831947621e+02 9.793430224023515152e+00 -2.865265426522724468e+01 9.793430224023515152e+00 5.338001841113614319e+02
4.994394620135915375e+02 2.903889616904793414e+00 4.288486219748269157e+00 2.903889616904793414e+00 4.784287908411952799e+02 -2.744003662826679513e+00 4.288486219748269157e+00 -2.744003662826679513e+00 5.160783698212261470e+02
5.043457759675155216e+02 4.090054276569046010e+01 -5.081182164979869498e+01 4.090054276569046010e+01 4.734727096674378686e+02 -4.574699068625405118e+01 -5.081182164979869498e+01 -4.574699068625405118e+01 4.818043892117972860e+02
