-9.062063721557311169e+01 5.064056720457661953e+01 -8.537442700964081865e+00 5.064056720457661953e+01 -9.326187915237615300e+01 4.886151581733986404e+01 -8.537442700964081865e+00 4.886151581733986404e+01 -1.205537905998864545e+02
-7.532093469556836851e+01 2.336179041290578695e+01 -5.319326628248330735e+01 2.336179041290578695e+01 -1.360808070322534320e+02 5.118014588841678858e+01 -5.319326628248330735e+01 5.118014588841678858e+01 -8.894406263697253223e+01
-1.078679231741049733e+02 1.416990477160030437e+01 -5.298358506363788578e+00 1.416990477160030437e+01 -4.157121145338944501e+01 1.681779120065778343e+01 -5.298358506363788578e+00 1.681779120065778343e+01 -1.400904664909300550e+02
-3.628485971750615136e+01 3.997491157522128447e+01 -2.323649932567719389e+01 3.997491157522128447e+01 -1.646146109280895331e+01 -1.532160561641149954e+01 -2.323649932567719389e+01 -1.532160561641149954e+01 -7.982422019069454677e+01
-5.481874778292951333e+01 7.359215973061032479e+00 3.661098127438921068e+01 7.359215973061032479e+00 -8.329021189882760723e+01 -2.965589935756448270e+01 3.661098127438921068e+01 -2.965589935756448270e+01 -1.123497306197014041e+02
-1.119051798140536391e+02 1.280007642847381710e+01 1.446911783889857617e+01 1.280007642847381710e+01 -1.272539080510787386e+02 -4.235224312785477174e+00 1.446911783889857617e+01 -4.235224312785477174e+00 -1.537241357234914005e+02
-7.907560911145660043e+01 1.665991747309891480e+01 -1.091023634768063921e+01 1.665991747309891480e+01 -1.147130574886216010e+02 4.400001869067023108e+01 -1.091023634768063921e+01 4.400001869067023108e+01 -1.636151025866943769e+02
-1.039833046616052741e+02 -1.597560164664771598e+01 1.325348955796275874e+01 -1.597560164664771598e+01 -1.081038955678575064e+02 3.352059661098717669e+01 1.325348955796275874e+01 3.352059661098717669e+01 -1.733296512035998660e+02
-5.004637481981102809e+01 -1.202449384211109518e+01 9.476861888850205418e+00 -1.202449384211109518e+01 -4.110292554142173316e+01 8.328627008739628579e+00 9.476861888850205418e+00 8.328627008739628579e+00 -1.376936773082639434e+02
