-3.654339844982305152e+01 -2.209841123482808811e+00 2.180004738831133793e+01 -2.209841123482808811e+00 -3.218980204631374420e+01 2.287086942196106421e+01 2.180004738831133793e+01 2.287086942196106421e+01 -7.142709660807513217e+01
-1.157442819206865892e+02 5.822077602446446676e+00 1.745053606107131117e+01 5.822077602446446676e+00 -1.368429698565733474e+02 1.587256030441458421e+01 1.745053606107131117e+01 1.587256030441458421e+01 -6.100395335442975409e+01
-2.294496010334436509e+00 1.277341329879446796e+01 4.724952385725958237e+01 1.277341329879446796e+01 -5.757114022187420943e+01 -2.999143878357231685e+01 4.724952385725958237e+01 -2.999143878357231685e+01 -2.983740202682215781e+01
-4.163190538406954033e+01 7.400504699852162638e+00 -1.392410671534201860e+01 7.400504699852162638e+00 -5.283198766500532884e+01 5.952365693966591209e+00 -1.392410671534201860e+01 5.952365693966591209e+00 -2.792187047095556096e+01
-7.789062640884895927e+01 -8.946886958072301610e+00 1.555036531235839448e+01 -8.946886958072301610e+00 -1.370018524200003469e+02 -2.352236864235735325e+01 1.555036531235839448e+01 -2.352236864235735325e+01 -8.401400210366971066e+01
-1.325835960558087834e+02 7.724613730676818113e-01 3.049409184282820107e+01 7.724613730676818113e-01 -4.520172680640314411e+01 5.920146300958796104e+01 3.049409184282820107e+01 5.920146300958796104e+01 -5.293035800073509733e+01
-5.921118435833210469e+01 -3.898231217206662080e+01 1.020766008234578770e+01 -3.898231217206662080e+01 -4.300655655821537238e+01 -5.151854360631376295e+01 1.020766008234578770e+01 -5.151854360631376295e+01 -9.644470582288995786e+01
-4.130745050233370108e+01 -5.918516907756029788e+00 6.731306550226055840e+00 -5.918516907756029788e+00 -6.095958319587293062e+01 4.719653645332810754e+01 6.731306550226055840e+00 4.719653645332810754e+01 1.190641426943961534e+01
-4.293157062918172073e+01 -3.013175619752415102e+00 -1.501333141579725527e+01 -3.013175619752415102e+00 -7.237932186857092631e+01 -9.340491490466414248e+00 -1.501333141579725527e+01 -9.340491490466414248e+00 -4.376234947493190219e+01
-9.036024313447980205e+01 -4.127562974055526723e+01 6.570919517635781526e-02 -4.127562974055526723e+01 -2.961119924723948671e+01 -2.363836604678985154e+01 6.570919517635781526e-02 -2.363836604678985154e+01 2.155017700783709600e+01
-7.498633470933221190e+01 -2.423397016685292726e+01 -1.661283984310464135e+01 -2.423397016685292726e+01 -5.830537250251328629e+01 2.804849650753585877e+01 -1.661283984310464135e+01 2.804849650753585877e+01 -8.673619993551533014e+01
-9.942711982715489683e+01 -2.124553297604360846e+00 -6.982337672908872861e+00 -2.124553297604360846e+00 -5.860085024618570060e+01 1.149884330731164539e+01 -6.982337672908872861e+00 1.149884330731164539e+01 -8.935150682627572394e+00
-8.874588294158506585e+01 -1.804245086875322368e+00 1.513496650867557847e+01 -1.804245086875322368e+00 -1.244134113038809488e+02 -1.554077600290788297e+01 1.513496650867557847e+01 -1.554077600290788297e+01 -6.322319121531017316e+01
-6.514414841796876132e+00 -9.707450988996594310e-01 3.058601384672769097e+00 -9.707450988996594310e-01 1.417150197854806670e+01 -3.382684821822010690e+01 3.058601384672769097e+00 -3.382684821822010690e+01 -1.393253174265650607e+01
-6.323202262629513370e+01 4.377855526276624332e+00 -2.268254528199014630e-01 4.377855526276624332e+00 -1.609890807942531978e+02 3.269972399258120532e+01 -2.268254528199014630e-01 3.269972399258120532e+01 -6.800319665882845754e+01
-8.044000533691701094e+01 -6.567519063333976170e+00 2.265625565684149834e+01 -6.567519063333976170e+00 -4.793521594481389769e+01 -1.030672742978909895e+01 2.265625565684149834e+01 -1.030672742978909895e+01 4.982574994904856425e+01
-7.471823228655523508e+01 -1.169496378348316767e+01 -2.472126454291159448e+01 -1.169496378348316767e+01 -9.973159323444563995e+01 -2.413784485310754291e-01 -2.472126454291159448e+01 -2.413784485310754291e-01 -3.336547531485600615e+01
-5.748144377035816177e+01 4.248910129235632382e+00 2.648186621833414378e+01 4.248910129235632382e+00 -1.275569312999998601e+02 -4.860164268524482800e+00 2.648186621833414378e+01 -4.860164268524482800e+00 -3.898779905960337544e+01
-4.362489798623796844e+01 -3.444811079436873058e+01 -4.692202180598076211e+01 -3.444811079436873058e+01 -6.377218617270867895e+01 -3.154758911757884032e+00 -4.692202180598076211e+01 -3.154758911757884032e+00 -5.972902653826067620e+01
-1.147234224229682553e+02 9.466899821508961921e+00 2.269607205273557682e+01 9.466899821508961921e+00 -5.938614987411114043e+01 -8.712775980581831448e+00 2.269607205273557682e+01 -8.712775980581831448e+00 -3.093937188204339606e+01
-5.122684190324486053e+01 -3.372687110942392597e+00 -6.892847599162766903e-01 -3.372687110942392597e+00 -5.117106326652452708e+01 2.638777282294107707e+01 -6.892847599162766903e-01 2.638777282294107707e+01 -2.914972474795776947e+01
-3.555172105196708543e+01 7.063195987577817192e-01 -3.495726563835928857e+01 7.063195987577817192e-01 1.162832889728044883e+01 -7.771267496427170407e+00 -3.495726563835928857e+01 -7.771267496427170407e+00 2.436797978409396492e+01
-1.032420929066811368e+02 -7.986156313909065219e+00 -9.240868374414541009e+00 -7.986156313909065219e+00 -9.990918006649624772e+01 -8.533126432810135498e+00 -9.240868374414541009e+00 -8.533126432810135498e+00 -5.046836111962080906e+01
-8.249375725371817225e+01 -7.013159113170128744e-01 -1.124928621041611798e+01 -7.013159113170128744e-01 -1.605538021120428880e+02 -4.012068345517761969e+01 -1.124928621041611798e+01 -4.012068345517761969e+01 -8.566265286571993443e+01
-1.151199073943227660e+02 -4.909904638609539518e+01 -2.241337734105279722e+01 -4.909904638609539518e+01 -9.346160011680262869e+01 7.272702699375279245e+00 -2.241337734105279722e+01 7.272702699375279245e+00 -1.344433323372960558e+02
-6.970840873555667372e+01 2.327293721288605610e+01 5.672834615439678707e+00 2.327293721288605610e+01 -3.519597639756926810e+01 -1.806935644127696250e+01 5.672834615439678707e+00 -1.806935644127696250e+01 -4.314047413734288483e+01
-9.498700653495890833e+01 3.897838533055403065e+00 -3.362006087868440130e+00 3.897838533055403065e+00 -8.037933558244859000e+01 -2.305017028687962366e+01 -3.362006087868440130e+00 -2.305017028687962366e+01 -3.194242660670137113e+01
-5.065217539202927099e+01 -2.901198581715546965e+01 -2.963189507904261077e+01 -2.901198581715546965e+01 -1.982481991201591143e+01 1.313641268049409483e+01 -2.963189507904261077e+01 1.313641268049409483e+01 -1.644282668581844931e+01
-6.057005913784242779e+01 8.598959171454257699e+00 -1.793755290681844272e+01 8.598959171454257699e+00 -5.486869022926246231e+01 -2.266396101690681064e+01 -1.793755290681844272e+01 -2.266396101690681064e+01 -4.831401827060484777e+01
-4.103338365580789571e+01 1.905559120068923207e+01 -5.165124946827752694e+01 1.905559120068923207e+01 -9.384427937112921825e+01 -2.642961865923826092e+00 -5.165124946827752694e+01 -2.642961865923826092e+00 1.517531778760630345e+01
-4.054775375363296064e+01 -1.026936845152599531e+00 1.416505577067425037e+01 -1.026936845152599531e+00 -3.487940670421284750e+01 -1.460052419299550586e+01 1.416505577067425037e+01 -1.460052419299550586e+01 -4.329465957104565632e+01
-7.646230002286945648e+01 3.288424979040572538e+01 -4.556258311602874755e+00 3.288424979040572538e+01 -6.924958280998785654e+01 2.810365955087384293e+01 -4.556258311602874755e+00 2.810365955087384293e+01 -6.205497728187593509e+01
-6.845663516882169120e+01 4.667920720888602659e+00 6.330141440799050834e+00 4.667920720888602659e+00 -1.174799901183440340e+02 -4.187417270838157179e+01 6.330141440799050834e+00 -4.187417270838157179e+01 2.787872689725774578e+01
-9.350790909362004300e+00 3.079874224649108783e+01 -5.627741674497520563e+01 3.079874224649108783e+01 -6.018304276441260647e+00 7.486546884268726387e+00 -5.627741674497520563e+01 7.486546884268726387e+00 -2.341320754580289076e+01
-3.772299962185614675e+01 -7.619289561477892825e+00 1.201954504062872786e+01 -7.619289561477892825e+00 -3.974892416902739711e+01 -7.356812791393420703e+00 1.201954504062872786e+01 -7.356812791393420703e+00 -4.004132536175904988e+01
-6.252146007050409082e+01 1.289342533494014731e+01 -3.507231044831685551e+01 1.289342533494014731e+01 -5.545687253744841172e+01 -3.273263045010642713e+01 -3.507231044831685551e+01 -3.273263045010642713e+01 -5.425093324326070388e+01
