2.808789762778217209e+02 -1.215566049117614682e+02 -9.066546358151450136e+01 -1.215566049117614682e+02 4.896422111619176576e+02 5.075234448519945651e+00 -9.066546358151450136e+01 5.075234448519945651e+00 3.774893371998122689e+02
3.590088906918350062e+02 -1.094703349402409600e+02 -4.772274804802522397e+01 -1.094703349402409600e+02 5.813176070495768499e+02 -1.279023030036318787e+00 -4.772274804802522397e+01 -1.279023030036318787e+00 4.687162767378545709e+02
3.891312792726615726e+02 -8.644287853626308049e+01 -5.058152674695257645e+01 -8.644287853626308049e+01 5.458662102870150648e+02 2.416631045264704625e+01 -5.058152674695257645e+01 2.416631045264704625e+01 4.622529304287685932e+02
2.918422438067670441e+02 -8.663184507227964559e+01 -8.555012503115932532e+00 -8.663184507227964559e+01 4.688074830807533999e+02 -1.719604632255047605e+01 -8.555012503115932532e+00 -1.719604632255047605e+01 4.399060793046318736e+02
3.317227188786890224e+02 -1.065522083112688989e+02 -5.860187868033895597e+01 -1.065522083112688989e+02 5.413404629045431875e+02 2.859863189065459821e+01 -5.860187868033895597e+01 2.859863189065459821e+01 4.094833614459374189e+02
3.524597229922677570e+02 -1.030817427445102226e+02 -5.194314708914629364e+01 -1.030817427445102226e+02 5.308329846715556641e+02 8.563702296796195768e+00 -5.194314708914629364e+01 8.563702296796195768e+00 4.348615370610151558e+02
3.691906811336078817e+02 -9.067528664740133593e+01 -5.994342340194976515e+01 -9.067528664740133593e+01 4.991275895799800537e+02 1.623163572654958253e+00 -5.994342340194976515e+01 1.623163572654958253e+00 4.264391239923378407e+02
3.631906887456667050e+02 -9.244757807643156866e+01 -6.285211674878340204e+01 -9.244757807643156866e+01 5.497042712252186902e+02 6.483626028248299811e+00 -6.285211674878340204e+01 6.483626028248299811e+00 4.597081353558176033e+02
3.729313826629078790e+02 -8.597824295915081905e+01 5.800706685338284707e+00 -8.597824295915081905e+01 4.849820970318615423e+02 3.415784353457838485e+00 5.800706685338284707e+00 3.415784353457838485e+00 4.197136525391227337e+02
3.081334711990493815e+02 -1.295724089535698909e+02 -6.088743364679689307e+01 -1.295724089535698909e+02 5.499956813986202633e+02 1.061918669980600249e+01 -6.088743364679689307e+01 1.061918669980600249e+01 4.264427019154798586e+02
3.763390492835025043e+02 -7.185715430186927222e+01 -5.754708494120956885e+01 -7.185715430186927222e+01 4.989488054465437017e+02 2.692899015779457272e+01 -5.754708494120956885e+01 2.692899015779457272e+01 4.116888865357465193e+02
2.850020598936564511e+02 -9.670694049818835936e+01 -5.917152383412728511e+01 -9.670694049818835936e+01 5.545689966876753942e+02 1.200599417166578586e+00 -5.917152383412728511e+01 1.200599417166578586e+00 3.960734199930071213e+02
3.354967778102489433e+02 -9.345916738095725407e+01 -2.451300849731633491e+01 -9.345916738095725407e+01 5.516493538231533194e+02 -2.402836354834055665e+00 -2.451300849731633491e+01 -2.402836354834055665e+00 4.365093819862239570e+02
2.881263029102226483e+02 -1.002762447063286260e+02 -5.192122229722606619e+01 -1.002762447063286260e+02 5.183185245826292658e+02 1.005340492377315265e+00 -5.192122229722606619e+01 1.005340492377315265e+00 4.004808808425004827e+02
3.480594509693818281e+02 -1.158521132893631744e+02 -3.317994380933380683e+01 -1.158521132893631744e+02 5.165609109468493898e+02 1.338225144570930558e+00 -3.317994380933380683e+01 1.338225144570930558e+00 4.437172240781535493e+02
3.825955994166837399e+02 -1.029070243685206520e+02 -3.861080979301088689e+01 -1.029070243685206520e+02 5.517805877288795955e+02 1.288711116855181160e+01 -3.861080979301088689e+01 1.288711116855181160e+01 4.755216334747365750e+02
3.480808650699425471e+02 -7.987868256405656098e+01 -4.828021453135190910e+01 -7.987868256405656098e+01 5.701919732629384043e+02 4.234630857547426075e+01 -4.828021453135190910e+01 4.234630857547426075e+01 4.376046224903801090e+02
3.906383188880095076e+02 -8.444326368039919828e+01 7.750878971608040402e+00 -8.444326368039919828e+01 5.774356458861342389e+02 -2.371917567979995797e-02 7.750878971608040402e+00 -2.371917567979995797e-02 5.222003179447566481e+02
3.291589463094404664e+02 -7.950400667581305925e+01 -5.085777444932216440e+01 -7.950400667581305925e+01 5.451209854154117238e+02 7.313260479385606416e+00 -5.085777444932216440e+01 7.313260479385606416e+00 3.728509027432051539e+02
2.703795002744811313e+02 -1.032711290986864157e+02 -4.205884185174789991e+01 -1.032711290986864157e+02 5.442526103443689180e+02 -2.206162741719746467e+00 -4.205884185174789991e+01 -2.206162741719746467e+00 4.007967608115183111e+02
3.056550457985972571e+02 -8.122124600300679731e+01 -8.689860321023606105e+01 -8.122124600300679731e+01 5.504055879033510337e+02 1.443623184987761299e+01 -8.689860321023606105e+01 1.443623184987761299e+01 4.076084858579593515e+02
3.576925526152424482e+02 -9.287833082064551604e+01 -3.104185387679536845e+01 -9.287833082064551604e+01 5.568491112564164496e+02 5.655868767573458022e+00 -3.104185387679536845e+01 5.655868767573458022e+00 4.252346570953562264e+02
3.210816089585179611e+02 -6.631085695954298842e+01 -4.803829799419926161e+01 -6.631085695954298842e+01 5.424060807257752685e+02 2.751058219555598328e+01 -4.803829799419926161e+01 2.751058219555598328e+01 4.721495438087071648e+02
3.583616287897640973e+02 -9.871881908008731443e+01 -4.720938724229863226e+01 -9.871881908008731443e+01 5.608331334780385760e+02 3.242097829120563546e+01 -4.720938724229863226e+01 3.242097829120563546e+01 4.156325638624143721e+02
3.444529501048783686e+02 -1.353973164412424239e+02 -1.025382163491420613e+02 -1.353973164412424239e+02 4.950425244017544060e+02 4.289656866793254864e+00 -1.025382163491420613e+02 4.289656866793254864e+00 3.833030396846742178e+02
3.476045684697123761e+02 -4.567091310806591054e+01 -1.020315994858394859e+01 -4.567091310806591054e+01 5.551013883813934626e+02 4.461522000865654292e+01 -1.020315994858394859e+01 4.461522000865654292e+01 4.074292025334180494e+02
3.397296887658884543e+02 -6.479421617084068430e+01 -7.968941422561655941e+00 -6.479421617084068430e+01 5.589571680346156199e+02 3.146543023446958998e+01 -7.968941422561655941e+00 3.146543023446958998e+01 4.093086737733671043e+02
3.380595681885315571e+02 -9.082719864270630694e+01 -6.135052678796245118e+01 -9.082719864270630694e+01 5.274139780385036147e+02 2.794655134359814852e+01 -6.135052678796245118e+01 2.794655134359814852e+01 4.384130997952390203e+02
2.951324785457523490e+02 -8.000337432238595170e+01 -8.458958632757662599e+01 -8.000337432238595170e+01 5.510639405396628945e+02 2.410672188920108994e+01 -8.458958632757662599e+01 2.410672188920108994e+01 3.751160057360518749e+02
3.815957726106192354e+02 -9.089314420132399164e+01 -5.812674397059857512e+01 -9.089314420132399164e+01 5.371835564622483616e+02 -1.549950787137015240e+01 -5.812674397059857512e+01 -1.549950787137015240e+01 3.893525769862224593e+02
2.982847196846361726e+02 -1.086858014352724666e+02 -6.754096256139082755e+01 -1.086858014352724666e+02 5.324307458798732569e+02 -2.297784745998680123e+01 -6.754096256139082755e+01 -2.297784745998680123e+01 3.688582562797413971e+02
3.672792654338319949e+02 -7.637004628270615569e+01 -8.723421548780737567e+01 -7.637004628270615569e+01 5.903493214370868145e+02 3.903959195022525819e+01 -8.723421548780737567e+01 3.903959195022525819e+01 3.721167847918903249e+02
3.033107623885166504e+02 -9.170346733261207817e+01 -4.529721908748879855e+01 -9.170346733261207817e+01 4.768311067947832385e+02 1.303410219706274553e+01 -4.529721908748879855e+01 1.303410219706274553e+01 3.598219893421343727e+02
2.841862366702079612e+02 -9.440753275962353541e+01 -3.739470840608274926e+01 -9.440753275962353541e+01 5.060887521450189297e+02 6.045314770022931050e+00 -3.739470840608274926e+01 6.045314770022931050e+00 3.978675366114260328e+02
4.818608705230003579e+02 -6.398361013807512165e+01 -4.366971619202402621e+01 -6.398361013807512165e+01 4.606646965302618355e+02 -4.127415708100966896e+01 -4.366971619202402621e+01 -4.127415708100966896e+01 4.823226276654511366e+02
3.828470116762165958e+02 -7.194461847135383437e+01 -2.010472790452925196e+01 -7.194461847135383437e+01 5.308633019757331795e+02 5.275067201599023647e+00 -2.010472790452925196e+01 5.275067201599023647e+00 4.258608039410206629e+02
3.998359465306319862e+02 -1.159070622834805846e+02 -7.072053695019201314e+01 -1.159070622834805846e+02 5.225315648080814981e+02 1.742172185646014526e+01 -7.072053695019201314e+01 1.742172185646014526e+01 4.367557871214623901e+02
3.027680209801721958e+02 -6.784604834092709780e+01 -5.329470533015162914e+01 -6.784604834092709780e+01 5.134824041042605813e+02 3.504556915669218853e+01 -5.329470533015162914e+01 3.504556915669218853e+01 3.914040488835621545e+02
3.520048854803250151e+02 -1.025122295771784593e+02 -8.121222119443274323e+01 -1.025122295771784593e+02 5.535358541819506399e+02 5.067836106908374916e+01 -8.121222119443274323e+01 5.067836106908374916e+01 4.100318621226704181e+02
2.747957557761511680e+02 -8.247258294483131635e+01 -3.066384990472997885e+01 -8.247258294483131635e+01 5.019922208800531962e+02 -4.288443929486693662e+01 -3.066384990472997885e+01 -4.288443929486693662e+01 3.530419823978099316e+02
3.138637433360040063e+02 -1.100125957858370640e+02 -5.374529118439228625e+01 -1.100125957858370640e+02 5.421772653315667867e+02 1.664905983654502819e+01 -5.374529118439228625e+01 1.664905983654502819e+01 3.950467673851956079e+02
3.602975512492450889e+02 -1.010222071581858501e+02 -1.430265645201149916e+01 -1.010222071581858501e+02 5.561679616339595214e+02 1.936850949362103691e+01 -1.430265645201149916e+01 1.936850949362103691e+01 4.411106663095061435e+02
3.569097464223733596e+02 -1.268150985185809532e+02 -5.916488411984748552e+01 -1.268150985185809532e+02 5.679430394878131665e+02 2.269956353684829509e+01 -5.916488411984748552e+01 2.269956353684829509e+01 4.857001442564698550e+02
2.922236091840254062e+02 -1.034473756342336515e+02 -3.003194571054213924e+01 -1.034473756342336515e+02 5.304037062191312089e+02 8.735288310057004679e+00 -3.003194571054213924e+01 8.735288310057004679e+00 4.401428667902827669e+02
3.069332711146337829e+02 -8.284878889641993283e+01 -5.631644440754481451e+01 -8.284878889641993283e+01 5.392653002097456465e+02 -5.492844529089621730e+00 -5.631644440754481451e+01 -5.492844529089621730e+00 3.916933069967714687e+02
