4.959725526547563135e+01 2.053010317807295593e+00 2.155783538901385743e+00 2.053010317807295593e+00 6.285356526911400010e+01 3.908659461860053419e-01 2.155783538901385743e+00 3.908659461860053419e-01 1.041701195485796774e+02
3.753126590592989231e+01 -8.764323801677365022e-01 -9.244665901139228481e-01 -8.764323801677365022e-01 3.358636994096634965e+01 -7.000874983264510076e-01 -9.244665901139228481e-01 -7.000874983264510076e-01 8.381116569177895315e+01
5.052833851517077335e+01 -1.867884418348335851e+00 1.453924642455128868e+00 -1.867884418348335851e+00 5.626408755009915552e+01 -4.071380379552909545e+00 1.453924642455128868e+00 -4.071380379552909545e+00 8.680443642147470484e+01
1.587937331657578000e+01 -4.483954802134379136e+00 -2.316571860108692427e+00 -4.483954802134379136e+00 -1.702472126274197350e+01 -1.381636213758767953e-02 -2.316571860108692427e+00 -1.381636213758767953e-02 4.892482873566311241e+01
2.925454998364393333e+01 5.576141952094946674e+00 -3.352869724871643947e-02 5.576141952094946674e+00 1.234012168728165548e+01 4.775229919138979540e+00 -3.352869724871643947e-02 4.775229919138979540e+00 7.008627325363399052e+01
5.113252045240501786e+01 4.810225797210528675e+00 1.490758017937843460e+00 4.810225797210528675e+00 2.467732845533535624e+01 -2.189221346115121314e+00 1.490758017937843460e+00 -2.189221346115121314e+00 8.756408859368995934e+01
3.266333736625172435e+01 8.623653027947504324e-01 -5.711283347140574840e+00 8.623653027947504324e-01 4.180016604936386670e+01 6.531974186455614451e+00 -5.711283347140574840e+00 6.531974186455614451e+00 9.129970215855260562e+01
4.812525231909150136e+01 -5.852123680750795920e-01 -1.386105116002314119e+00 -5.852123680750795920e-01 1.928508028198286084e+01 -2.192642330132107187e+00 -1.386105116002314119e+00 -2.192642330132107187e+00 7.340336152333760822e+01
5.049178957390618194e+01 -1.245266682443020967e+00 1.982776537760441826e+00 -1.245266682443020967e+00 2.523578802163031298e+01 1.638859937155741076e+00 1.982776537760441826e+00 1.638859937155741076e+00 5.024309474425766098e+01
2.475274241698004118e+01 5.062503961402190278e+00 -6.639854566407055181e+00 5.062503961402190278e+00 4.136865514798778776e+01 2.964979308021770676e-01 -6.639854566407055181e+00 2.964979308021770676e-01 7.599179022279432161e+01
1.730580730837023395e+01 -2.090710322821479838e+00 1.917654937110385927e+00 -2.090710322821479838e+00 -3.208578818449600245e+00 2.496723276832145011e+00 1.917654937110385927e+00 2.496723276832145011e+00 5.047464241752807368e+01
5.508925250813065588e+01 8.045663317950369375e+00 1.628961717381161023e+00 8.045663317950369375e+00 2.226173983940851286e+01 -1.239489797430072482e+00 1.628961717381161023e+00 -1.239489797430072482e+00 6.850750404602604249e+01
5.544961619606445424e+01 6.265151375589893767e+00 7.325060961679928928e-01 6.265151375589893767e+00 7.224723105227081987e+01 3.229072896732396170e-01 7.325060961679928928e-01 3.229072896732396170e-01 1.189110116488228215e+02
2.193889693581689571e+01 -2.765327399729024194e+00 -2.122125574320513408e+00 -2.765327399729024194e+00 1.069022229482438036e+01 2.886521918309632895e+00 -2.122125574320513408e+00 2.886521918309632895e+00 6.489265808609087571e+01
1.364069011301435985e+01 4.453051147760803019e+00 -4.088325022097522243e+00 4.453051147760803019e+00 1.225825077944835506e+01 2.496072540509217674e+00 -4.088325022097522243e+00 2.496072540509217674e+00 6.767245762443128854e+01
2.615066826249190868e+01 1.413284572189067001e+00 1.025318731455589383e+00 1.413284572189067001e+00 9.166878574554038650e+00 -2.860984727274554107e+00 1.025318731455589383e+00 -2.860984727274554107e+00 5.450902187016806266e+01
3.556004641408019751e+01 -4.113490780117345480e+00 -2.728378424368551158e+00 -4.113490780117345480e+00 4.911994764297458005e+01 -3.693378261567977994e+00 -2.728378424368551158e+00 -3.693378261567977994e+00 8.808085937772003149e+01
3.695751980634528167e+01 -1.785833607808104295e+00 3.275438369062748656e+00 -1.785833607808104295e+00 1.576689511785167852e+01 9.987799839262158086e-01 3.275438369062748656e+00 9.987799839262158086e-01 4.329196325497914444e+01
4.894400414735835625e+01 -2.734494116924305107e+00 -3.305443109220204345e+00 -2.734494116924305107e+00 2.839374401738252374e+01 -3.170096242936294217e+00 -3.305443109220204345e+00 -3.170096242936294217e+00 6.649723965946000703e+01
4.374062436289071343e+01 -4.311346084860641525e+00 3.879129857808493398e+00 -4.311346084860641525e+00 1.754171372305984633e+01 1.074516209854260884e+00 3.879129857808493398e+00 1.074516209854260884e+00 7.299993954085772430e+01
1.686432343310380944e+01 -1.395328222876064395e+00 -4.770658387400239064e+00 -1.395328222876064395e+00 1.512096950598576051e+01 -1.190283932037367931e+00 -4.770658387400239064e+00 -1.190283932037367931e+00 5.961753213262421980e+01
3.133717192613393365e+01 -2.827922731599174719e-02 6.755766549340176397e-01 -2.827922731599174719e-02 2.512594669575273443e+01 3.702132704755958237e+00 6.755766549340176397e-01 3.702132704755958237e+00 8.479944239757223556e+01
2.859946842148640656e+01 6.019103188119419912e+00 -2.051514663982461517e+00 6.019103188119419912e+00 5.343606513743974773e+00 6.840955513884525718e-01 -2.051514663982461517e+00 6.840955513884525718e-01 5.563075001685700727e+01
4.051659636370934692e+01 -2.418543187960164875e+00 1.175719559848652507e+00 -2.418543187960164875e+00 2.219174265797882484e+01 -1.308687267134140519e+00 1.175719559848652507e+00 -1.308687267134140519e+00 6.557986099309070482e+01
4.206079805390908177e+01 -3.231942841747242667e+00 5.138343283022444474e+00 -3.231942841747242667e+00 4.170068212868504531e+01 -2.111951636042491920e+00 5.138343283022444474e+00 -2.111951636042491920e+00 1.042497229325040422e+02
2.304106899282687237e+01 5.009320981680288831e+00 -4.649992944545089379e-01 5.009320981680288831e+00 -2.544068543734497201e+00 1.746408123017039848e+00 -4.649992944545089379e-01 1.746408123017039848e+00 4.257213115573469508e+01
4.122008395007766524e+01 -2.775109535600024310e-02 -7.613132845786523273e-01 -2.775109535600024310e-02 2.621034156280328631e+01 -3.053113598123319283e-01 -7.613132845786523273e-01 -3.053113598123319283e-01 8.683685633204339638e+01
4.529496677736062793e+01 -1.366297120403542120e+00 1.721015595194068659e+00 -1.366297120403542120e+00 3.688320216145836383e+01 3.397232012568322634e+00 1.721015595194068659e+00 3.397232012568322634e+00 6.856644381807085153e+01
2.382455584109824187e+01 -5.859690729368687290e-01 1.102075989183983040e+01 -5.859690729368687290e-01 5.179857148984903858e+01 1.554311482612183548e+00 1.102075989183983040e+01 1.554311482612183548e+00 8.218801075014810920e+01
2.227240453804078868e+01 6.005094558388623938e+00 1.212684811977679855e+00 6.005094558388623938e+00 4.222433489610471469e+01 -6.880965964145803859e+00 1.212684811977679855e+00 -6.880965964145803859e+00 7.900254543337962332e+01
3.416259049797166369e+01 7.727247830226868786e+00 -2.709790938438885632e+00 7.727247830226868786e+00 1.060268808415611907e+01 2.126610643700634906e+00 -2.709790938438885632e+00 2.126610643700634906e+00 4.567484966471408825e+01
5.516195926080504819e+01 5.103280235999920755e+00 4.813637925136856621e-01 5.103280235999920755e+00 2.304009754440076208e+01 1.546561041826268301e+00 4.813637925136856621e-01 1.546561041826268301e+00 6.125755099666296388e+01
2.687673496974760212e+01 1.066227868292339309e+01 -1.584820153888483407e+00 1.066227868292339309e+01 1.653756979588109388e+01 -1.451414943602725494e+00 -1.584820153888483407e+00 -1.451414943602725494e+00 5.135154007793207853e+01
3.451976338250634058e+01 1.687941600902403039e+01 -2.120198954140581460e+00 1.687941600902403039e+01 3.478534871163451214e+01 -5.124656130955229649e+00 -2.120198954140581460e+00 -5.124656130955229649e+00 9.161182893713163367e+01
1.126963410643943853e+01 -3.727678097290660020e+00 -7.220976647331325715e+00 -3.727678097290660020e+00 2.216183811394769521e+01 7.506786417750296536e+00 -7.220976647331325715e+00 7.506786417750296536e+00 7.154751048561264781e+01
3.373167672507729975e+01 -8.918562140384713288e+00 4.795853990010717993e+00 -8.918562140384713288e+00 2.263668788821622702e+00 -2.110342572172191566e+00 4.795853990010717993e+00 -2.110342572172191566e+00 7.450810443565021046e+01
