-3.360651141390619756e+01 4.546769586082586301e+00 -5.064185558882111415e+00 4.546769586082586301e+00 -6.080259731553869784e+01 2.804730904588933260e+00 -5.064185558882111415e+00 2.804730904588933260e+00 -6.125750250285468468e+01
-8.242544296427804795e+01 2.335011732417505925e+00 -1.048314789478831521e+01 2.335011732417505925e+00 -1.079406439773049442e+02 8.121842062196295231e+00 -1.048314789478831521e+01 8.121842062196295231e+00 3.502557178322270914e+01
-6.187133652298482644e+01 7.661016707746050258e+00 8.562190106694586689e+00 7.661016707746050258e+00 -3.010663017208378633e+01 1.062128313501202292e+01 8.562190106694586689e+00 1.062128313501202292e+01 -1.357646998175217945e+01
-1.513821581232578239e+01 -7.803438560943561697e+00 -3.321656195276852230e+01 -7.803438560943561697e+00 -9.499517816536429393e+01 -6.019684154853861102e+00 -3.321656195276852230e+01 -6.019684154853861102e+00 -7.952564383126328096e+01
-6.699630675082806874e+01 -1.443121555769091735e+01 3.991358062709497112e+00 -1.443121555769091735e+01 -6.886527318821785570e+01 4.054261970893360711e+00 3.991358062709497112e+00 4.054261970893360711e+00 6.917491526938857938e+00
-4.531056622888483076e+01 1.709833600998074843e+01 1.602158092960403124e+00 1.709833600998074843e+01 -7.373101386638280985e+01 -2.322367087614597381e+01 1.602158092960403124e+00 -2.322367087614597381e+01 -2.472266651815341110e+00
-7.766970989482621235e+01 -4.621694960984492617e+00 -6.639750799382305724e-01 -4.621694960984492617e+00 -1.019716214546767930e+02 -1.359940716778781322e+01 -6.639750799382305724e-01 -1.359940716778781322e+01 -1.056110936844947901e+01
-5.916463127935368504e+01 3.496417991639851408e+01 4.185614596991907632e+01 3.496417991639851408e+01 -7.333764858698341982e+01 4.950104777091716812e+00 4.185614596991907632e+01 4.950104777091716812e+00 -5.390961326283249377e+01
-2.556640233923500816e+01 -9.953898595215658673e+00 1.759657139352779964e+01 -9.953898595215658673e+00 -3.316055085490413834e+00 1.821864095593554822e+01 1.759657139352779964e+01 1.821864095593554822e+01 -1.929425112126509845e+01
-4.847435373600492881e+01 -5.259729440951180557e+00 1.215944496552481979e+01 -5.259729440951180557e+00 -4.070055608114355294e+01 -4.675275466696146687e+00 1.215944496552481979e+01 -4.675275466696146687e+00 -5.528174350709788598e+01
-3.899693097801575448e+01 -1.782354981939294447e+01 -6.453448802567843146e+00 -1.782354981939294447e+01 -6.846086196525702405e+01 -3.937983282662786166e+01 -6.453448802567843146e+00 -3.937983282662786166e+01 -5.012860467878910242e+01
-9.195345859856148252e+01 -2.875142733660301531e+01 1.075587922689052967e+01 -2.875142733660301531e+01 -1.107923289118272407e+02 2.426898117770708296e+01 1.075587922689052967e+01 2.426898117770708296e+01 -3.654350839959827368e+01
-3.454555836923179868e+01 7.540620798240607492e+00 -1.431936385195758810e+01 7.540620798240607492e+00 -8.351117577562112615e+01 3.446037763093112005e+01 -1.431936385195758810e+01 3.446037763093112005e+01 -1.247808229821445636e+01
-6.382302231542338333e+00 1.044294330978211427e+01 -2.833401206267120287e+01 1.044294330978211427e+01 -3.861064826231036751e+00 3.774606778065361112e+01 -2.833401206267120287e+01 3.774606778065361112e+01 -3.933067680633398311e+01
-8.220805173557037904e+01 3.174715670918011412e+01 -8.888231643768845558e+00 3.174715670918011412e+01 -1.306326985645506795e+02 1.745651097794616469e+00 -8.888231643768845558e+00 1.745651097794616469e+00 -6.506590275023442871e+01
-3.912667315943667035e+01 -2.401680228432447350e+01 1.483750929541495900e+01 -2.401680228432447350e+01 -6.728533268600625661e+01 4.511915206438659176e+00 1.483750929541495900e+01 4.511915206438659176e+00 1.884006392852721490e+01
-2.093248151363109244e+01 -3.157062000196011198e+01 3.210635692133144659e+01 -3.157062000196011198e+01 -7.852301601591564406e+01 6.812121095026674178e-01 3.210635692133144659e+01 6.812121095026674178e-01 2.663996483793867665e+00
-6.422560395671408173e+01 -1.082808350078141579e+01 -2.282741850386672766e+00 -1.082808350078141579e+01 -6.833650134403576715e+01 2.631224521720349685e+01 -2.282741850386672766e+00 2.631224521720349685e+01 -3.632638476441089637e+01
