8.266605708428518540e+01 2.155870058415733581e+01 1.461653804831207282e+01 2.155870058415733581e+01 1.346684246995617400e+02 -1.825636404304068261e+00 1.461653804831207282e+01 -1.825636404304068261e+00 7.894620863988498627e+01
1.149793585679800856e+02 -7.248449762676088426e+00 -2.801794815678856310e+01 -7.248449762676088426e+00 1.028091711477851220e+02 1.161756074357988844e+01 -2.801794815678856310e+01 1.161756074357988844e+01 7.540262971163598138e+01
8.173352567644921862e+01 5.408937735562822979e+00 7.098799202361546712e+00 5.408937735562822979e+00 9.814020683515437327e+01 3.336094469039558863e+00 7.098799202361546712e+00 3.336094469039558863e+00 5.501918179841996448e+01
7.636849724577723464e+01 -2.275749378963623570e+01 5.529598160196705692e+00 -2.275749378963623570e+01 9.107163990524480823e+01 -1.148751002469157001e+01 5.529598160196705692e+00 -1.148751002469157001e+01 5.832385867564463666e+01
8.950227679818647175e+01 -2.265679873175596626e+01 -3.721938107513524585e+01 -2.265679873175596626e+01 7.449146191991849264e+01 -1.568507680390966819e+01 -3.721938107513524585e+01 -1.568507680390966819e+01 3.986796298721634457e+01
1.578819014597110026e+02 -2.333324569258937231e+01 -8.235418741179925561e+00 -2.333324569258937231e+01 1.143195320518998983e+02 -9.579584697238820112e+00 -8.235418741179925561e+00 -9.579584697238820112e+00 1.255460618628981848e+02
1.011095029962961007e+02 -3.656689672101612665e+00 -7.451787633308489589e+00 -3.656689672101612665e+00 9.125082090773800303e+01 1.771494013600809270e+00 -7.451787633308489589e+00 1.771494013600809270e+00 6.508018878438636534e+01
1.072855642181166758e+02 -3.413863161511175637e+00 5.875863468375087884e+00 -3.413863161511175637e+00 9.014780940710798518e+01 9.759725102256762597e+00 5.875863468375087884e+00 9.759725102256762597e+00 6.262303906084550675e+01
1.195654931098459457e+02 -1.584260685653330469e+01 -1.224064939394598994e+01 -1.584260685653330469e+01 1.359355979266123597e+02 -1.593234075409635331e+01 -1.224064939394598994e+01 -1.593234075409635331e+01 8.778607072246595067e+01
1.173876339568129623e+02 -5.155762610429558634e+00 -1.443020860416455520e+01 -5.155762610429558634e+00 1.035660052719402415e+02 -2.916850717036081786e+00 -1.443020860416455520e+01 -2.916850717036081786e+00 7.808649848104418822e+01
1.036366912686158201e+02 -1.049557845140238932e+01 8.486832797211794954e+00 -1.049557845140238932e+01 9.290425186394620027e+01 -3.769567194020679857e-01 8.486832797211794954e+00 -3.769567194020679857e-01 8.722350208161677187e+01
7.662971582202669651e+01 2.922606834569539558e+01 4.841952217608047171e+00 2.922606834569539558e+01 1.419251346311832265e+02 -1.422542946527233632e+01 4.841952217608047171e+00 -1.422542946527233632e+01 1.095836879678383724e+02
1.530927450602270312e+02 2.665541367371126125e+00 -1.580840169443854748e+01 2.665541367371126125e+00 1.198162340148677885e+02 1.561149203716918787e+00 -1.580840169443854748e+01 1.561149203716918787e+00 8.098661349515573704e+01
1.008843101742420600e+02 1.558727429323526703e+00 1.272001759808026478e+01 1.558727429323526703e+00 1.065587805507066292e+02 -6.618083884529952776e+00 1.272001759808026478e+01 -6.618083884529952776e+00 5.581241964781595044e+01
1.583375088942103730e+02 1.971569482754548519e-01 4.496202595050691642e+00 1.971569482754548519e-01 1.474892206877212857e+02 2.268877394585046670e+00 4.496202595050691642e+00 2.268877394585046670e+00 1.007840028275343656e+02
9.375654248092686771e+01 6.190928443685947080e+00 4.572277046515558219e+00 6.190928443685947080e+00 1.068729077682197612e+02 -3.171186811214374845e+00 4.572277046515558219e+00 -3.171186811214374845e+00 7.209755457143431556e+01
1.257566742557197585e+02 -4.370320921143690640e+00 -1.756183886508989644e+01 -4.370320921143690640e+00 6.975688540518252978e+01 1.421240015128925194e+01 -1.756183886508989644e+01 1.421240015128925194e+01 9.422287731269175026e+01
1.238116076589532639e+02 1.237774493035806600e+01 1.924331759967652600e+00 1.237774493035806600e+01 1.056286135587374844e+02 1.718776197661658500e+01 1.924331759967652600e+00 1.718776197661658500e+01 6.409075447147601778e+01
8.985726682526370723e+01 -1.388131916022694234e+01 6.478764081858455981e+00 -1.388131916022694234e+01 9.749771016975519444e+01 -8.291791621001621593e+00 6.478764081858455981e+00 -8.291791621001621593e+00 4.324776925301278396e+01
8.149608356226173100e+01 1.293278120620758642e+00 4.246825307830514040e-01 1.293278120620758642e+00 9.388190955144918348e+01 -1.979971965780040977e+00 4.246825307830514040e-01 -1.979971965780040977e+00 7.094508514014428613e+01
1.072124699750020795e+02 -8.832414402575730961e+00 -8.012045970108390591e+00 -8.832414402575730961e+00 1.030103816123114768e+02 8.446747845024621171e+00 -8.012045970108390591e+00 8.446747845024621171e+00 6.780341686650871225e+01
8.458563809723311522e+01 1.139354810026610210e+01 -1.577249363344623179e+00 1.139354810026610210e+01 8.932127601526985927e+01 -7.956280765997514770e+00 -1.577249363344623179e+00 -7.956280765997514770e+00 5.773991045569078295e+01
8.698164173752826400e+01 2.893065867642372169e+00 3.948596953983892988e+00 2.893065867642372169e+00 7.661489486576532215e+01 9.468813748376055273e+00 3.948596953983892988e+00 9.468813748376055273e+00 5.586157347006143681e+01
8.918821451485437990e+01 -1.314131381132251697e+01 -2.925070302118335519e+00 -1.314131381132251697e+01 9.804322384795641199e+01 9.846703084953188911e-01 -2.925070302118335519e+00 9.846703084953188911e-01 7.884641914327102086e+01
7.905068584325125869e+01 1.395129466873841295e+01 -1.619130016196409505e+00 1.395129466873841295e+01 9.919216518874371502e+01 -2.235314377428871424e+01 -1.619130016196409505e+00 -2.235314377428871424e+01 6.145378441431789440e+01
1.538367065241108378e+02 -5.765047336144686341e+00 5.499505766793036265e+00 -5.765047336144686341e+00 1.205495159704445598e+02 -9.130941724214186594e-01 5.499505766793036265e+00 -9.130941724214186594e-01 7.747935306603496031e+01
1.087716711532880254e+02 2.089140311999037891e+01 6.130673582074910755e+00 2.089140311999037891e+01 1.220408314386119315e+02 -2.529548359241150024e+01 6.130673582074910755e+00 -2.529548359241150024e+01 7.601048047418666442e+01
8.288245619487301497e+01 7.000216669837503680e+00 6.973987860205216327e-01 7.000216669837503680e+00 9.827923091674310285e+01 -2.084119222338949484e+01 6.973987860205216327e-01 -2.084119222338949484e+01 6.280607228362841710e+01
1.087432675897093759e+02 1.715162177592707948e+01 1.756213377449541646e+00 1.715162177592707948e+01 1.070144396619917302e+02 1.572919119258894227e+01 1.756213377449541646e+00 1.572919119258894227e+01 7.407062944495245915e+01
1.026046260425037104e+02 -5.061097773494425134e+00 -2.038200799775164285e+01 -5.061097773494425134e+00 6.989407103777078589e+01 -1.314400885039441746e+01 -2.038200799775164285e+01 -1.314400885039441746e+01 9.627112567591292702e+01
1.171916785614456558e+02 -3.644330262419505306e+00 -1.289761474767446892e+01 -3.644330262419505306e+00 1.008460617771417276e+02 -1.552256684071907422e+01 -1.289761474767446892e+01 -1.552256684071907422e+01 6.521732138739344009e+01
1.147002408847292259e+02 -3.603395484138079308e+00 -1.866068537912491720e+01 -3.603395484138079308e+00 9.809770362584195880e+01 -1.679075358211194802e+00 -1.866068537912491720e+01 -1.679075358211194802e+00 8.961728524347972780e+01
1.238491636953483521e+02 -8.878229525679859790e+00 1.324570714137162852e+01 -8.878229525679859790e+00 1.053439017957907708e+02 6.734879372597015745e+00 1.324570714137162852e+01 6.734879372597015745e+00 7.799825915188121428e+01
9.998715166152305756e+01 -8.094145231336639768e+00 -4.509884497553143801e-01 -8.094145231336639768e+00 8.726471932358568040e+01 1.018793328851074342e+01 -4.509884497553143801e-01 1.018793328851074342e+01 5.903900478501836346e+01
8.182265730948319060e+01 6.224853036006833262e-01 1.308924823217592071e+00 6.224853036006833262e-01 9.097120674856135736e+01 -8.024519014607301770e+00 1.308924823217592071e+00 -8.024519014607301770e+00 8.190660692431174539e+01
9.912955456915668151e+01 4.610944269083542046e+00 8.157394911488673017e+00 4.610944269083542046e+00 1.263696461606811283e+02 -2.430964203362582232e+00 8.157394911488673017e+00 -2.430964203362582232e+00 8.231536894670128390e+01
