-4.288024266638747406e+01 1.207903855275830196e+01 -3.119532687841246243e+01 1.207903855275830196e+01 -5.408277379952777864e+01 -2.973416570128740055e+00 -3.119532687841246243e+01 -2.973416570128740055e+00 -4.334814399202380031e+01
-5.771818886609924704e+00 2.059945715406190203e+01 -8.733042680366558841e+00 2.059945715406190203e+01 -7.676678735852530622e+01 1.166199612774459027e+01 -8.733042680366558841e+00 1.166199612774459027e+01 -9.085569500364383089e+01
-3.169798713644540467e+00 -1.943029079621803845e+01 1.244219921543916563e+01 -1.943029079621803845e+01 -2.324181420591172298e+01 4.219547997013235019e+00 1.244219921543916563e+01 4.219547997013235019e+00 -4.144339185976006945e+01
-5.727404658181799135e+01 1.386654470382705995e+01 3.864091745185303495e+01 1.386654470382705995e+01 -5.755164767691135808e+01 5.877453565081243170e+00 3.864091745185303495e+01 5.877453565081243170e+00 -1.139351231859931630e+02
-5.282731222042225028e+01 2.816757177619796604e+00 3.937671789447311221e-01 2.816757177619796604e+00 -3.933730533437449139e+01 -2.581292895824139233e+00 3.937671789447311221e-01 -2.581292895824139233e+00 -4.915346934991477923e+01
-6.381806170170282400e+01 -1.285040056750870896e+01 1.463770007653548966e+01 -1.285040056750870896e+01 -3.608825748742425077e+01 -1.516709115001694919e+01 1.463770007653548966e+01 -1.516709115001694919e+01 -1.529529997712297096e+01
-5.407200093662279272e+01 -5.464768277113298822e+00 -3.353091908136243138e+00 -5.464768277113298822e+00 1.238624485702213063e+00 1.582050404682542677e+01 -3.353091908136243138e+00 1.582050404682542677e+01 -3.706934853209597946e+01
-2.021394191219284053e+01 3.306836407190947114e+01 2.920949208391285268e+01 3.306836407190947114e+01 -3.312525371014685760e+01 -4.195769384644345479e+01 2.920949208391285268e+01 -4.195769384644345479e+01 5.486422093246804188e+00
-2.393635391314426997e+01 -5.060254237552528345e+00 4.625159682972149966e+01 -5.060254237552528345e+00 -4.415209917269052653e+01 -2.488288022102812036e+01 4.625159682972149966e+01 -2.488288022102812036e+01 -4.814146906613295585e+01
-5.091518690982766060e+01 4.373577049992197630e+01 -4.561809164597494970e+01 4.373577049992197630e+01 -9.740785965776048272e+00 -1.134830485986668513e+01 -4.561809164597494970e+01 -1.134830485986668513e+01 -1.669616464590707494e+01
-3.196725211517959409e+01 -9.217489951648028423e+00 1.225734107564464104e+01 -9.217489951648028423e+00 -2.552312852677446031e+01 1.389574514736314192e+01 1.225734107564464104e+01 1.389574514736314192e+01 -2.325403617656487398e+01
-5.728601275227972422e+01 -1.712004864950263183e+01 -3.448048595651620474e+01 -1.712004864950263183e+01 -6.340035834470309339e+01 6.182464948568890506e+00 -3.448048595651620474e+01 6.182464948568890506e+00 -2.783263126634432183e+01
-6.566929579529916339e+01 2.645092389388517873e+01 2.621046142259108258e+00 2.645092389388517873e+01 -3.924194760267666737e+01 -1.317826786215939272e+01 2.621046142259108258e+00 -1.317826786215939272e+01 -6.152483502736584065e+00
3.694395062520917428e+00 9.540154793120892762e+00 -1.417808324647922502e+00 9.540154793120892762e+00 1.588649608177764883e+01 -1.341074633125990123e-01 -1.417808324647922502e+00 -1.341074633125990123e-01 3.087508724097031365e+00
-4.634695537891577999e+01 -5.708280744983064814e+00 -1.841943328175086592e+01 -5.708280744983064814e+00 -5.420924053719812719e+01 1.781382436381410272e+01 -1.841943328175086592e+01 1.781382436381410272e+01 -6.039798259130059677e+01
-4.662575556031123369e+01 2.481003159741140252e+01 1.146154755491770771e+01 2.481003159741140252e+01 -5.178809989439130845e+01 8.830243379370519285e-01 1.146154755491770771e+01 8.830243379370519285e-01 -4.549204707753747101e+01
-5.030373715810147672e+01 1.696447798596076240e+01 -1.634303833265528638e+01 1.696447798596076240e+01 -7.823343246720541799e+01 -8.426860125373687893e+00 -1.634303833265528638e+01 -8.426860125373687893e+00 -1.365837360980773951e+02
-8.996809078422600692e+01 -1.190199444155489417e+01 3.859112327878910520e+01 -1.190199444155489417e+01 -9.449170378103477219e+01 -1.608051566571134128e+00 3.859112327878910520e+01 -1.608051566571134128e+00 -1.294776677533085376e+02
-9.525892202581560753e+01 3.541346961011153383e+01 -2.718536936115468094e+00 3.541346961011153383e+01 -5.755182393159840615e+01 4.622710097955348374e+00 -2.718536936115468094e+00 4.622710097955348374e+00 -1.240380060376039495e+02
-8.817438684010258498e+01 4.181928771780401632e+01 -1.017001881546832820e+01 4.181928771780401632e+01 -5.825260790226563756e+01 3.171126127702345343e+01 -1.017001881546832820e+01 3.171126127702345343e+01 -2.675315750440935147e+01
-6.126402948011319438e+01 -3.838058745795807170e+01 -7.990881854225026615e+00 -3.838058745795807170e+01 -5.539674240715033449e+01 2.949553141303588255e+00 -7.990881854225026615e+00 2.949553141303588255e+00 -1.152093300183700109e+02
-9.553128462536432153e+01 4.671768796225360632e+01 2.875722124358163967e+01 4.671768796225360632e+01 -1.215803023055882051e+02 -6.837615430877590050e+00 2.875722124358163967e+01 -6.837615430877590050e+00 -8.086334620058862299e+01
-8.761783239713416549e+01 -9.788418718164180632e+00 2.281416113179353111e-01 -9.788418718164180632e+00 -6.898412410622812274e+01 -2.688179047831192747e+01 2.281416113179353111e-01 -2.688179047831192747e+01 -3.414789075991475897e+01
-1.096823288017955491e+02 4.206121923981280730e+01 3.381324669584616638e-01 4.206121923981280730e+01 -6.981952436403923912e+01 -2.159125682380322875e+00 3.381324669584616638e-01 -2.159125682380322875e+00 -8.019920814405732301e+01
-3.959319799014846097e+01 4.883837876978797121e-01 -7.224931292856536125e+00 4.883837876978797121e-01 -6.992654876847176126e+01 1.461756582806797233e+01 -7.224931292856536125e+00 1.461756582806797233e+01 -9.308812226052403105e+01
-3.922278201128779784e+01 5.582343044699198842e+00 1.536178754640689759e+00 5.582343044699198842e+00 -5.474929636469854444e+01 -3.222924385423400651e+01 1.536178754640689759e+00 -3.222924385423400651e+01 -9.831748479978573130e+01
-7.144348570126931008e+01 -2.035789490839593086e+01 3.583770539196025062e+00 -2.035789490839593086e+01 -6.491833743656046352e+01 -1.791000709798554080e+00 3.583770539196025062e+00 -1.791000709798554080e+00 -9.938921902739187431e+01
-1.238937929195258647e+02 1.585740043839055646e+00 -5.546776000694057629e+00 1.585740043839055646e+00 -6.458494710287888552e+01 2.182792966064445395e+00 -5.546776000694057629e+00 2.182792966064445395e+00 -2.329928382936779396e+00
-8.500615818682344127e+01 4.085809893751027744e+01 -1.152063993784293849e+01 4.085809893751027744e+01 -7.235076910894819946e+01 3.855392865714652451e-01 -1.152063993784293849e+01 3.855392865714652451e-01 -6.489240824911328787e+01
-7.753415846363812136e+01 -9.833520492609205021e+00 2.543040598671650798e+01 -9.833520492609205021e+00 -3.686974293202933239e+01 3.592930937984613049e+00 2.543040598671650798e+01 3.592930937984613049e+00 -1.502703969523316552e+01
-5.719560160641015045e+01 1.192617596599395924e+01 -3.010990842576256554e+01 1.192617596599395924e+01 -5.550151306694595377e+01 2.565085360487517363e+01 -3.010990842576256554e+01 2.565085360487517363e+01 -5.835866244847564843e+01
-1.306340713263080886e+02 4.509833888423526105e+01 -1.973479630350590597e+01 4.509833888423526105e+01 -1.387865858200903801e+02 3.388646791005015046e+01 -1.973479630350590597e+01 3.388646791005015046e+01 -6.127919295687243562e+01
-1.147105847467155399e+02 1.393618813647343746e+00 -2.621649940753600561e+01 1.393618813647343746e+00 -1.012771634946533510e+02 -3.013638824410250550e+01 -2.621649940753600561e+01 -3.013638824410250550e+01 -9.160646861162743448e+01
-7.268462449638310829e+01 2.762101039230531896e+01 5.776563821593181380e+00 2.762101039230531896e+01 -6.275711862730512536e+01 2.130301106498443886e+01 5.776563821593181380e+00 2.130301106498443886e+01 -1.200258407749337977e+02
-7.197083989890992939e+01 6.969189722367374884e-01 4.657513669884895791e+01 6.969189722367374884e-01 -3.975426862287714869e+01 2.446345637200318990e+01 4.657513669884895791e+01 2.446345637200318990e+01 -1.763680882255343008e+01
-4.153272772849614114e+01 5.864998268305383622e-01 1.081657502250057412e+01 5.864998268305383622e-01 -5.670933577559587491e+01 -2.605330772777155968e+00 1.081657502250057412e+01 -2.605330772777155968e+00 -1.155441209169833741e+02
-3.100583847295451179e+01 -8.980052639697289063e-01 3.517473755060085949e+01 -8.980052639697289063e-01 -7.644989505343225744e+00 1.580450731085250204e+01 3.517473755060085949e+01 1.580450731085250204e+01 -4.819613932300705983e+01
-3.475435987358862633e+01 -2.557252892764545749e+01 1.669720890649723399e+00 -2.557252892764545749e+01 -4.092228200615647893e+01 -6.220673332994818949e+00 1.669720890649723399e+00 -6.220673332994818949e+00 -1.514327014571027163e+01
-5.736038544815406937e+01 2.747410183179918874e+01 2.018616212432790391e+01 2.747410183179918874e+01 -4.825161341434322537e+01 -1.789230659471528995e+01 2.018616212432790391e+01 -1.789230659471528995e+01 -5.067974340692005342e+01
-5.883319087769439903e+01 -5.510653114285632093e+00 -3.515149525516613949e+01 -5.510653114285632093e+00 -4.677948492516854628e+00 -5.009901114290641999e+00 -3.515149525516613949e+01 -5.009901114290641999e+00 -5.954869697260338057e+01
-7.287303333371475844e+01 -1.247530052469274864e+01 -1.294986874607205962e+01 -1.247530052469274864e+01 -5.234292237518405244e+01 -3.259376165271492543e+00 -1.294986874607205962e+01 -3.259376165271492543e+00 -1.092655587461855617e+02
-5.897779698616611554e+00 9.830274676898719477e+00 4.476352006406082040e+01 9.830274676898719477e+00 -5.187051855079584328e+01 1.599090629312527589e+01 4.476352006406082040e+01 1.599090629312527589e+01 8.012576332087958164e+00
-5.733327433908721105e+01 -2.221900819218648238e+01 -1.520942084077441869e+01 -2.221900819218648238e+01 -3.580275511730221183e+01 3.023642878395479983e+01 -1.520942084077441869e+01 3.023642878395479983e+01 -7.823346135391804523e+01
-4.313743467894355632e+01 -1.069982556231525095e+01 -1.583844185312948483e+01 -1.069982556231525095e+01 -1.414661283479744291e+01 5.594249971720770986e+00 -1.583844185312948483e+01 5.594249971720770986e+00 -6.564294052331851503e+01
-8.004569588401521685e+01 3.656313430838020651e+01 -2.001544528643448828e+01 3.656313430838020651e+01 -5.043896058489889356e+01 7.958166954619724009e+00 -2.001544528643448828e+01 7.958166954619724009e+00 -7.425747253234429479e+01
