-1.695463052029914763e+00 2.021114740268173549e+01 -1.995169768846963976e+01 2.021114740268173549e+01 -4.999350573765014616e+01 -2.439823395027173270e+00 -1.995169768846963976e+01 -2.439823395027173270e+00 -1.715715979468253849e+01
-2.637010342664034468e+01 1.281278132860736996e+01 2.043900799372511301e+01 1.281278132860736996e+01 -2.527304903621950416e+01 2.242385440059998558e+01 2.043900799372511301e+01 2.242385440059998558e+01 -7.108678799604822984e+01
-6.515613250700855019e+01 -1.750961498148059547e+01 -2.799702386061383308e+01 -1.750961498148059547e+01 -6.830060321710209337e+01 -1.688276243029496371e+01 -2.799702386061383308e+01 -1.688276243029496371e+01 -8.519865866072702687e+00
1.722551429237779885e+01 1.813444313248878359e+01 1.129716318989068924e+01 1.813444313248878359e+01 -5.692608568920843481e+01 -6.892465581185460710e-01 1.129716318989068924e+01 -6.892465581185460710e-01 -2.060952527379197097e+00
-3.803900029102509706e+01 -1.755695237968481592e+01 1.479966759808768018e+01 -1.755695237968481592e+01 -1.771778652247143171e+01 -1.215954106534394619e+01 1.479966759808768018e+01 -1.215954106534394619e+01 -4.007022448906831613e+01
-4.579856168682992745e+01 -2.367174276893497353e+00 4.443751845392512223e+01 -2.367174276893497353e+00 9.251702204494007376e+00 -9.446865956558944788e+00 4.443751845392512223e+01 -9.446865956558944788e+00 -2.344808532198966233e+01
4.361703919958921816e+00 8.622996224626090722e+00 1.734954546946101317e+01 8.622996224626090722e+00 -3.103053301092692706e+01 -3.496859178045127692e+00 1.734954546946101317e+01 -3.496859178045127692e+00 -1.291604437559772833e+00
1.845277212261932576e+01 3.796626149188420118e+00 -3.183617717457955720e+01 3.796626149188420118e+00 -3.032841149298705119e+01 4.338534371099937448e-01 -3.183617717457955720e+01 4.338534371099937448e-01 -5.819350279232724432e+01
-4.995873765998822158e+00 -3.824125476731198603e+01 -2.792824032213304264e+01 -3.824125476731198603e+01 -4.779418797158578514e+01 2.386645965625313082e+01 -2.792824032213304264e+01 2.386645965625313082e+01 -3.933078422109942096e+01
-6.581246511336453864e+01 1.164432644103239234e+01 -3.363797093386650516e+01 1.164432644103239234e+01 -6.986672271904649278e+01 2.593129795773878143e+01 -3.363797093386650516e+01 2.593129795773878143e+01 -2.400790801204162150e+01
-4.866307754621012549e+01 2.456307020604801394e+01 9.830746001447698390e+00 2.456307020604801394e+01 -5.057546654060059410e+01 -1.718207062264690066e+01 9.830746001447698390e+00 -1.718207062264690066e+01 9.408346798768411068e-01
-6.017425439613431237e+00 -4.640856863087278583e+01 -1.082012942169500391e+01 -4.640856863087278583e+01 -2.552900005340546130e+01 -4.784075696838805669e+01 -1.082012942169500391e+01 -4.784075696838805669e+01 2.298200892524954142e+01
-7.530565055436467503e+01 3.627107832013575717e+01 -2.701787324439117732e-01 3.627107832013575717e+01 -6.209018324102134301e+01 -1.695507884049964176e+01 -2.701787324439117732e-01 -1.695507884049964176e+01 6.055515193258587914e+01
-7.164699427742009163e+01 -2.457496963827913383e+00 6.466770343622106054e+01 -2.457496963827913383e+00 -6.321751821853469977e+01 -2.709033597221382905e+01 6.466770343622106054e+01 -2.709033597221382905e+01 -6.386379573761787753e+01
-1.521894049873752408e+02 2.572179223269199611e+01 1.773128196147242974e+01 2.572179223269199611e+01 -5.193145784737822623e+01 -1.848823717417412027e+01 1.773128196147242974e+01 -1.848823717417412027e+01 -6.592105579207391486e+01
-3.824445308400181887e+01 3.578464505417124286e+01 -1.343960039335627421e+01 3.578464505417124286e+01 -5.165073213421955955e+01 1.553049991451511502e+01 -1.343960039335627421e+01 1.553049991451511502e+01 -1.490606172686268138e+01
-4.455544431183495391e+01 -3.178881677942379369e+01 -2.191953486713546440e+01 -3.178881677942379369e+01 -2.308188904483658987e+01 1.731618392158810593e+01 -2.191953486713546440e+01 1.731618392158810593e+01 -1.068821278743799219e+01
-4.849861221511840625e+01 9.789855551962512337e+00 2.998178211812457050e+01 9.789855551962512337e+00 -1.242933693387217930e+00 2.278664648545645655e+00 2.998178211812457050e+01 2.278664648545645655e+00 2.169199836454703956e+01
-9.818654225543531311e+01 -1.650644379737864398e+01 -1.903895041948521438e+01 -1.650644379737864398e+01 -6.503379351614152881e+01 -2.670254574648021073e+00 -1.903895041948521438e+01 -2.670254574648021073e+00 -1.198577462935556071e+02
3.290647035389938080e-01 6.520786862003001616e+00 2.281130358751161324e+00 6.520786862003001616e+00 2.251235616011855001e+01 2.529316560973482808e+01 2.281130358751161324e+00 2.529316560973482808e+01 5.009682433797101453e+01
-7.846348882160467042e+01 8.367379375070425951e+00 -4.096024026628056980e+00 8.367379375070425951e+00 -6.078928629946731377e+01 3.038775767818891538e+01 -4.096024026628056980e+00 3.038775767818891538e+01 -5.111835550717897547e+01
-1.666279449210250263e+01 -2.618615622698336409e+01 -5.097708599466150048e+01 -2.618615622698336409e+01 -5.524249642248898340e+01 3.022610965588045318e+00 -5.097708599466150048e+01 3.022610965588045318e+00 -2.801763749648677049e+01
-1.048551153638858295e+02 1.983391506170242735e+00 -5.772515397593391384e+00 1.983391506170242735e+00 1.545498321467533298e+00 -2.097672763287813069e+01 -5.772515397593391384e+00 -2.097672763287813069e+01 -7.225475661558661500e+01
-5.945872784682785550e+01 1.847717276324005198e+01 6.703934676307879426e-03 1.847717276324005198e+01 8.661502095402680013e+00 1.390528452435646756e+01 6.703934676307879426e-03 1.390528452435646756e+01 7.383694816398284066e-01
-1.596101768308683866e+01 -1.082894454501458270e+01 3.202138617589066705e+00 -1.082894454501458270e+01 -6.594613742460332162e+01 3.159896850546164287e-02 3.202138617589066705e+00 3.159896850546164287e-02 -3.246060930149448609e+01
-3.570703114022082048e+01 -1.966620410334846270e+01 3.103800414939525254e+01 -1.966620410334846270e+01 -4.662407779918690665e+01 5.688865392052385062e+00 3.103800414939525254e+01 5.688865392052385062e+00 -7.093994971576324815e+01
-1.258489143222033704e+02 2.719877141481646277e+00 -7.624685464009136382e+00 2.719877141481646277e+00 -6.983487075690344170e+01 -1.391986424998201244e+00 -7.624685464009136382e+00 -1.391986424998201244e+00 -6.412291800634811523e+01
-4.106900038813564180e+01 -1.566062479916550387e+01 -3.866359430050127610e+00 -1.566062479916550387e+01 -7.454659507214326197e+01 3.747297249718385181e+00 -3.866359430050127610e+00 3.747297249718385181e+00 -9.030087170242019567e+01
-6.873776803426324022e+01 1.072230515777370918e+01 4.087384365248648521e+01 1.072230515777370918e+01 -6.479131453239627092e+01 5.668559600931766695e+00 4.087384365248648521e+01 5.668559600931766695e+00 -6.331138913972512228e+01
-3.158552233562000566e+01 -2.818328281711228733e+00 -9.884456509968314819e+00 -2.818328281711228733e+00 8.931341703874362992e+00 2.769963601197322589e+01 -9.884456509968314819e+00 2.769963601197322589e+01 1.104998141071736661e+01
1.328851362174599160e+01 -1.010571067158598879e+01 2.705502683481811221e+00 -1.010571067158598879e+01 -5.648084653836005486e+01 1.284402333646676375e+01 2.705502683481811221e+00 1.284402333646676375e+01 5.860783718707299528e+00
-1.415676862730828311e+01 1.427104682075087716e+01 -7.843125757517298346e+00 1.427104682075087716e+01 -5.997553963240641650e+01 -1.304541391883345547e+01 -7.843125757517298346e+00 -1.304541391883345547e+01 -2.889881598624752002e+01
-2.683513395006746194e+01 4.363594482445607881e+00 2.690028024894753678e+00 4.363594482445607881e+00 -3.806986120233365511e+01 1.203830641325791362e+01 2.690028024894753678e+00 1.203830641325791362e+01 -2.637901970277579267e+01
-4.869227231869049888e+01 2.577283278087639218e+01 9.471273556496161206e+00 2.577283278087639218e+01 -1.846624248020393466e+01 5.592356272274729889e+01 9.471273556496161206e+00 5.592356272274729889e+01 -3.967565783499637178e+01
-5.292459043272438990e+00 4.223003758579240241e+01 -3.291101835328143377e+00 4.223003758579240241e+01 -4.936117250651513899e+01 2.060261116638528378e+01 -3.291101835328143377e+00 2.060261116638528378e+01 -4.200003033265857333e+00
2.467824519901655478e+01 6.267497856240397169e+01 -2.199168559901048425e+01 6.267497856240397169e+01 2.595558384539395291e+01 5.419576113787073490e-01 -2.199168559901048425e+01 5.419576113787073490e-01 -7.111558528872493623e-01
-7.363240944653969677e+01 -8.088900665567697601e+00 -7.970906896731620783e+00 -8.088900665567697601e+00 -7.266030465082729961e+01 1.441602677451469461e+01 -7.970906896731620783e+00 1.441602677451469461e+01 -8.419545877853393279e+01
-3.925626753610651321e+01 2.205868582345250672e+01 -1.454549941501471721e+01 2.205868582345250672e+01 -2.203185222115897091e+01 -2.424309429811773597e+01 -1.454549941501471721e+01 -2.424309429811773597e+01 4.150507368394299235e+00
-2.868256147355664254e+01 3.367205629732610817e+01 2.836873679569089646e+00 3.367205629732610817e+01 -4.767641545205255937e+01 -7.082749338734414479e+00 2.836873679569089646e+00 -7.082749338734414479e+00 -2.723834046531506203e+01
-1.158518496943024623e+01 -2.105839451206625768e+01 7.480309318651125139e+00 -2.105839451206625768e+01 1.246105422934154205e+01 3.082317772116589971e+00 7.480309318651125139e+00 3.082317772116589971e+00 -3.942398391188042694e+01
-1.424689740988215370e+01 -4.299601050766752053e+01 -6.457342545685030188e+00 -4.299601050766752053e+01 -3.053617091665610772e+01 -2.039765526369581039e+01 -6.457342545685030188e+00 -2.039765526369581039e+01 -6.792415607826120549e+01
1.894863255313304506e+01 -2.726854791993925886e+00 3.930109004163113440e+01 -2.726854791993925886e+00 1.615667799266308435e+01 5.090091286388376268e+00 3.930109004163113440e+01 5.090091286388376268e+00 2.354230172250877118e+01
-2.378515537054645357e+00 2.633717240223698397e+01 1.250591769976793799e+01 2.633717240223698397e+01 1.948138602172165790e+01 -3.004163185517049328e+01 1.250591769976793799e+01 -3.004163185517049328e+01 -6.323510880866295025e+01
-5.228532364011398670e+01 -6.308639987637410407e+00 -5.371602647499645222e+00 -6.308639987637410407e+00 9.252807793232596723e+00 1.551572651041609063e+01 -5.371602647499645222e+00 1.551572651041609063e+01 -3.099236459608165006e+01
-6.317089498302410178e+00 5.225928854684219971e+00 5.727650182896168118e+00 5.225928854684219971e+00 1.189055749222333525e+01 -1.683799626173566466e+01 5.727650182896168118e+00 -1.683799626173566466e+01 -5.626057038623244466e+01
