2.731336112183368314e+01 -8.249434190500139152e+00 -1.411916811799191684e+01 -8.249434190500139152e+00 6.390039141091276775e+01 -1.327451822737443887e+00 -1.411916811799191684e+01 -1.327451822737443887e+00 5.059023144441119513e+01
4.605764683077057242e+01 2.980146233912954301e+00 6.775474252341623149e+00 2.980146233912954301e+00 4.933092547936782069e+01 -5.203111689728121547e+00 6.775474252341623149e+00 -5.203111689728121547e+00 4.932252472197934168e+01
6.548195417306172317e+01 9.892269204688250994e+00 1.282396514143070654e+00 9.892269204688250994e+00 4.548514755198445414e+01 3.732936693353068769e+00 1.282396514143070654e+00 3.732936693353068769e+00 6.863143414932025621e+01
2.493734680165086814e+01 -1.395605771285657859e+01 -1.505495557967268283e+01 -1.395605771285657859e+01 3.176680411693968509e+01 5.660771234300425725e+00 -1.505495557967268283e+01 5.660771234300425725e+00 4.134548659668013215e+01
2.189110495660723288e+01 -2.137850087891637330e+00 9.348570899949713464e+00 -2.137850087891637330e+00 2.402274385456860983e+01 -4.730424997579170565e+00 9.348570899949713464e+00 -4.730424997579170565e+00 5.132347446295713667e+01
2.325906611327877016e+01 7.013774915251386410e+00 -6.415278806246800691e+00 7.013774915251386410e+00 2.141091279550760262e+01 -1.770395354315261738e+00 -6.415278806246800691e+00 -1.770395354315261738e+00 3.065511404559566344e+01
2.795748781542421568e+01 1.187910041399414141e+01 5.764104126144075302e+00 1.187910041399414141e+01 3.912065164574546117e+01 -9.867463091852227919e+00 5.764104126144075302e+00 -9.867463091852227919e+00 3.399159301402110600e+01
4.358105136459220574e+01 -2.791802120175855162e+00 1.395304952576351676e+00 -2.791802120175855162e+00 3.128503252979582427e+01 8.767723655629509949e+00 1.395304952576351676e+00 8.767723655629509949e+00 4.804328573110407774e+01
5.474049506065313864e+01 8.607203116031010737e+00 -2.143904182961768878e+00 8.607203116031010737e+00 4.529421446333442702e+01 1.026048430319130844e+00 -2.143904182961768878e+00 1.026048430319130844e+00 6.361053462554659177e+01
3.654691559626577657e+01 -2.768999615083526766e+00 -7.714874668915834732e+00 -2.768999615083526766e+00 3.789465339785768094e+01 1.383162994663818068e+01 -7.714874668915834732e+00 1.383162994663818068e+01 4.698874229486101228e+01
5.493260511533788559e+01 9.782985740403461250e+00 3.776668702352480089e+00 9.782985740403461250e+00 2.687431519669801006e+01 -7.056066057572082606e+00 3.776668702352480089e+00 -7.056066057572082606e+00 5.974765763676347774e+01
-8.888721958893722075e+00 -3.935011593458525248e+00 -1.178820974188583826e+01 -3.935011593458525248e+00 1.089589453495793414e+01 -6.158234152514416415e+00 -1.178820974188583826e+01 -6.158234152514416415e+00 2.431551523953036664e+01
2.319975975458316597e+01 3.114775763111182094e+00 -1.083389388209786919e+00 3.114775763111182094e+00 3.465137744693041810e+01 -9.794561275421608926e+00 -1.083389388209786919e+00 -9.794561275421608926e+00 3.980000057409938563e+01
1.963721382611466382e+01 -1.918805285560010176e+00 3.640670173082947603e+00 -1.918805285560010176e+00 1.726080283235727109e+01 -1.418065198350887623e+00 3.640670173082947603e+00 -1.418065198350887623e+00 4.701111246044401781e+01
6.301601084276924780e+01 -5.937097260230216555e+00 -9.809655647392089284e-01 -5.937097260230216555e+00 3.450018000432357468e+01 1.063178095632761178e+01 -9.809655647392089284e-01 1.063178095632761178e+01 5.619375343911231369e+01
3.383776523046239504e+01 5.285684492938529822e+00 5.820771140533989474e+00 5.285684492938529822e+00 2.666277224177501637e+01 6.782496247391737398e+00 5.820771140533989474e+00 6.782496247391737398e+00 4.249461155456774719e+01
4.645234627866161503e+01 1.387168057176562108e+00 -1.078668416862832835e+01 1.387168057176562108e+00 2.588157454167296834e+01 1.657844169634613607e+01 -1.078668416862832835e+01 1.657844169634613607e+01 5.441704176610332411e+01
5.025716457279931859e+01 1.539897209812543188e+01 -6.367240706037177178e-01 1.539897209812543188e+01 6.761653435291088954e+01 -9.614569284312107555e+00 -6.367240706037177178e-01 -9.614569284312107555e+00 5.912058393688442948e+01
2.604305488912027045e+01 -3.777737130388096443e+00 -1.611213133326727132e+01 -3.777737130388096443e+00 2.627180676239298407e+01 -5.978284178741088084e+00 -1.611213133326727132e+01 -5.978284178741088084e+00 3.609083562496723374e+01
2.596914920500583435e+01 -1.882981289960686766e+01 1.281940744849731750e+01 -1.882981289960686766e+01 2.136255389486919398e+01 -1.478850814991988782e+00 1.281940744849731750e+01 -1.478850814991988782e+00 5.774317843926306892e+01
1.340560017908702051e+01 -8.122258256303924284e+00 -8.927898429260924473e+00 -8.122258256303924284e+00 3.728909641072741721e+01 -9.221098923531302560e+00 -8.927898429260924473e+00 -9.221098923531302560e+00 3.926320592391541453e+01
3.711134963600780878e+01 -2.163503583796633212e+00 8.447401764504361310e+00 -2.163503583796633212e+00 4.324015688916886546e+01 -4.142638832712590258e+00 8.447401764504361310e+00 -4.142638832712590258e+00 4.281640538057658318e+01
2.271665733584323377e+01 4.304559192056306216e+00 1.068939598142560143e+01 4.304559192056306216e+00 1.342456733961874527e+01 1.220463558870115861e+01 1.068939598142560143e+01 1.220463558870115861e+01 4.843013794434528307e+01
2.786408600752134390e+01 -1.015718691840518240e+01 -9.687272754084927939e+00 -1.015718691840518240e+01 1.435126974869862693e+01 -3.996975771334019267e+00 -9.687272754084927939e+00 -3.996975771334019267e+00 3.080873445662084009e+01
2.568227046398719082e+01 3.733114064281197297e+00 -2.481678898497097219e+00 3.733114064281197297e+00 4.139334999548557903e+01 5.975961575457191088e+00 -2.481678898497097219e+00 5.975961575457191088e+00 3.623874200672607060e+01
5.281209400425986189e+01 -1.288148360452482777e+01 -6.897154584988951953e+00 -1.288148360452482777e+01 4.250149687107495566e+01 1.179857917582599747e+01 -6.897154584988951953e+00 1.179857917582599747e+01 5.190903266776344083e+01
4.847551141487858217e+01 -5.212049848712795530e+00 1.319937554301010563e+00 -5.212049848712795530e+00 1.779531016950253175e+01 -1.221034837333530376e+01 1.319937554301010563e+00 -1.221034837333530376e+01 5.379510274596932362e+01
2.187318291853894436e+01 5.023145820436998754e+00 4.546047307987801211e+00 5.023145820436998754e+00 1.404046943460095953e+01 2.399920699457383844e+00 4.546047307987801211e+00 2.399920699457383844e+00 3.603083553033302877e+01
3.970069880420444974e+01 6.613853137325831355e+00 -5.798825312135158505e+00 6.613853137325831355e+00 5.212349907725162268e+01 5.721265077752462958e+00 -5.798825312135158505e+00 5.721265077752462958e+00 5.076175105571513768e+01
5.944664481336378969e+01 1.899997727537796388e+00 1.726553332196519719e+01 1.899997727537796388e+00 3.474474326254128442e+01 1.254498914297067280e+00 1.726553332196519719e+01 1.254498914297067280e+00 6.070270296404600430e+01
-9.001304215260850228e+00 1.060784517932982229e+00 9.249735143395634296e+00 1.060784517932982229e+00 1.629891527043352495e+00 -1.517373715891160124e+01 9.249735143395634296e+00 -1.517373715891160124e+01 1.895331208299482739e+01
4.503039764141656320e+01 2.686250700164732219e+00 6.110506455382544999e+00 2.686250700164732219e+00 2.574311208213323354e+01 -6.804041054407345968e+00 6.110506455382544999e+00 -6.804041054407345968e+00 4.806982477178532065e+01
3.147298108920367099e+01 -5.474848214315680472e+00 7.922328195718455035e+00 -5.474848214315680472e+00 2.665664243384944143e+01 1.448072410414896893e+01 7.922328195718455035e+00 1.448072410414896893e+01 4.215510796817920891e+01
1.338447688052250051e+01 3.400860979215550639e+00 -5.005546767065323088e-01 3.400860979215550639e+00 2.237721502511955762e+01 -6.397795963344790948e+00 -5.005546767065323088e-01 -6.397795963344790948e+00 4.424352591284778669e+01
4.222223253569476498e+01 -1.224522047278879811e+00 1.212920142779337596e+01 -1.224522047278879811e+00 2.952471956272378151e+01 -6.026729190540737413e+00 1.212920142779337596e+01 -6.026729190540737413e+00 4.877240058919712595e+01
4.529399273952083860e+01 1.957784404094980557e+00 -1.950011969072659723e-01 1.957784404094980557e+00 3.714937922616611843e+01 5.706606298721800030e+00 -1.950011969072659723e-01 5.706606298721800030e+00 4.308746069061324846e+01
4.308660602250967742e+01 6.747124785932976820e+00 -7.666001206331288786e-01 6.747124785932976820e+00 4.390641133079041225e+01 2.538008179267233211e-01 -7.666001206331288786e-01 2.538008179267233211e-01 6.886400240920342242e+01
6.703498821101780436e+01 2.923515338372615791e+00 -7.899571099496947468e+00 2.923515338372615791e+00 2.463091677163419746e+01 1.463636100909990745e+01 -7.899571099496947468e+00 1.463636100909990745e+01 4.861339383541048420e+01
2.795594565931616415e+01 3.822412504416945911e+00 -1.555283363437774957e+00 3.822412504416945911e+00 4.434466391179054057e+01 2.715013721042149442e+00 -1.555283363437774957e+00 2.715013721042149442e+00 5.357874967754784024e+01
2.809605398977651447e+01 -7.974944768422672858e+00 4.026880053218160824e-03 -7.974944768422672858e+00 2.328155526323215696e+01 5.692925049717202368e-01 4.026880053218160824e-03 5.692925049717202368e-01 3.992354627978045301e+01
1.358228022688419401e+01 2.004969785903726631e+01 4.101549532643942175e-01 2.004969785903726631e+01 3.384417142629564523e+01 -1.907144548027446262e+00 4.101549532643942175e-01 -1.907144548027446262e+00 3.578740910197417691e+01
5.171981084454272093e+01 3.991591280280124110e+00 8.394932423080547323e+00 3.991591280280124110e+00 1.601318937135711451e+01 1.197636309677028699e+01 8.394932423080547323e+00 1.197636309677028699e+01 4.830336740229952142e+01
1.953452981350273276e+01 -4.626011479768580514e+00 -3.641264914929100982e+00 -4.626011479768580514e+00 3.635377508283119141e+01 6.717874530099915198e+00 -3.641264914929100982e+00 6.717874530099915198e+00 4.319055674671876943e+01
1.820324564847798854e+01 4.033667263976818518e+00 -3.201573988450987951e+00 4.033667263976818518e+00 3.600385886414578351e+01 4.939483671591040626e+00 -3.201573988450987951e+00 4.939483671591040626e+00 3.512774095648515527e+01
3.482337359032354129e+01 4.569344232756879620e+00 -2.321052591379499042e+00 4.569344232756879620e+00 2.540917498466686197e+01 -2.238569881776672155e+00 -2.321052591379499042e+00 -2.238569881776672155e+00 3.499942666616679787e+01
